3733 2050
3008 3820
937 1968
1152 3720
3472 2169
216 3549
286 1210
1427 1230
1228 3967
595 2759
2292 1684
1496 2998
3648 3779
2034 436
1108 2925
2376 530
2840 442
3601 2449
804 1360
1360 852
3311 2577
584 3948
855 3060
1728 3892
2068 679
2366 3804
2806 1719
563 2991
2606 2219
938 848
2630 564
3430 590
3661 82
3206 3126
3701 3770
3238 2985
627 353
3232 3753
3768 1224
842 1161
1684 1567
759 437
3023 3238
3816 299
3383 1946
2369 1924
3915 155
554 2989
3443 997
1522 3840
3742 646
1821 3837
2181 1509
1843 2206
3127 3598
1114 353
1169 62
238 615
1226 1335
327 3157
3406 2686
1565 3669
3927 2153
2202 3939
1325 1837
3698 2095
1546 2135
1537 3941
2624 3266
1326 3115
2711 1438
2835 3161
1264 2590
3918 611
2261 3765
1808 1126
411 2961
3531 2328
710 2309
35 514
3360 1805
2882 1525
1043 2260
3501 1890
525 3409
2126 2701
1058 2297
3579 2801
429 1175
3549 62
2179 684
1341 2865
3324 3153
2887 1237
187 1885
1927 1426
3236 57
394 2901
2665 850
2121 2641
1046 3135
2394 117
1506 2821
1798 1731
3249 1498
798 1545
942 1426
2343 2809
2622 2193
2437 602
1677 3364
270 1064
2642 2038
1575 2024
31 492
2579 3036
3012 1837
1112 993
127 3750
4000 584
1416 1548
1 3837
2512 1186
3204 1238
2665 3333
2796 3532
2029 3923
222 2047
3987 324
2163 1962
2877 2471
1358 2306
2162 705
3036 569
406 2566
3567 3521
57 1083
2489 2407
2656 1686
3757 3339
2040 1413
2962 332
930 87
3015 2899
631 2225
3046 2718
935 2022
731 1745
1226 1687
3191 282
826 145
1230 1336
2009 7
1750 2085
2162 188
3060 60
1203 3641
831 1152
771 464
2726 498
3214 2084
2572 316
202 697
2329 189
1214 2260
3208 2151
1610 3315
1102 3498
3101 1560
710 1673
3804 2808
3476 2175
3038 3479
1261 2964
486 787
2451 700
1172 1841
2163 3163
3966 370
1876 896
1573 136
1919 1027
1112 343
403 552
503 3239
3056 243
3040 1805
28 2529
844 2623
3188 1547
1421 2494
2368 810
3556 2078
926 2286
3072 478
2676 252
405 1498
2639 1189
2753 3001
2521 4027
2057 2389
1924 272
2681 609
3998 1021
535 1769
1102 1967
979 1147
2458 955
414 2187
1758 3150
2245 3339
1778 4029
2486 372
3069 1056
2793 3649
351 414
1283 299
858 58
960 1422
3959 1289
803 1589
1819 3087
3565 592
1535 312
1896 1739
3739 628
3057 3391
3533 1333
44 1423
100 1221
3431 1193
102 3035
1201 3916
3240 225
1878 966
951 118
827 3890
3055 2283
2756 2782
266 1876
335 3890
3512 2923
3180 3133
3827 2632
74 526
3052 2515
2827 1438
1644 3185
581 1790
355 740
3096 3067
1901 3233
3257 3441
1888 2449
1820 1293
1817 3537
3129 1928
3418 297
2961 3633
2464 595
2819 2595
543 3017
2293 1501
2500 2261
651 2053
3933 1657
3580 2154
4004 2019
284 2098
839 2157
3785 1160
347 525
487 1066
785 206
2835 2709
107 183
2111 1478
1010 169
1605 2483
2589 1335
242 1775
1120 471
3482 3035
3362 3977
501 1271
2958 1079
116 665
797 3892
1008 1575
44 613
1476 2412
3050 3819
3859 2190
377 859
3413 2800
1315 1827
3378 2649
1979 3598
1734 2075
1924 2176
3816 3859
3407 1697
68 189
3274 2988
50 2765
819 3513
615 2674
1655 2411
2700 814
1327 1122
1384 2570
3511 2798
3301 1940
3481 2570
1665 733
2633 121
3660 280
758 3267
323 3672
59 239
2878 2858
3391 3254
2529 3426
2523 3299
377 1587
1176 685
315 3569
2203 2963
1975 481
395 3166
141 3868
1124 149
2258 1377
2573 2860
1061 3161
1660 3334
3878 3281
1628 2980
3295 2319
2395 2296
519 3223
751 3729
1819 18
2256 1938
667 1855
638 883
3808 2270
2826 2429
2055 2326
327 1941
1442 1826
2819 60
626 883
2077 932
218 2480
2321 3489
3438 1029
732 522
377 2439
3863 594
1569 2702
41 2183
3838 2849
1543 2333
2895 3970
3762 2587
1746 2658
230 1340
29 3062
718 2745
547 360
3658 3251
2703 1257
1808 782
402 3944
2710 373
348 1985
1527 691
2390 1180
3800 514
3165 3098
125 204
3667 294
292 2147
3584 3212
3930 2197
3490 3461
1936 1241
8 3642
3419 861
628 3628
817 2370
3723 145
3960 261
1258 1581
497 670
2663 2033
1764 1832
1902 76
2431 2828
2545 3929
3345 2825
336 3236
2774 299
2051 3161
2695 2212
382 3875
2705 2562
3246 734
3923 125
343 1579
248 3415
586 2868
1898 1437
925 3051
1978 453
1966 1517
3414 2299
759 2650
147 1586
3902 3111
225 2348
2102 3805
2057 2754
3925 3141
2884 506
3074 4012
1198 2553
657 309
2618 2096
1521 1505
710 2417
3071 975
525 1833
3996 3207
3131 3601
1082 2943
2759 3358
1848 1333
1226 1206
995 3350
1104 330
3393 289
233 487
358 1927
362 2300
382 2450
1913 302
1217 3166
3340 3878
2523 1568
1882 1983
2344 1006
3705 2818
516 1962
3677 3008
1647 3832
2745 3494
2508 319
2233 1406
724 1496
268 1758
1528 1127
1000 1055
1952 3400
2169 2037
3641 1491
265 2168
697 694
3780 2655
1169 1856
1667 3844
86 750
2664 2669
820 16
2516 754
892 329
101 1343
713 2691
1404 1389
987 2497
2082 3016
2587 1532
2026 1621
698 78
3521 3432
1663 3516
828 3278
462 2367
3653 2126
1893 1827
1908 467
1446 1410
1756 3300
1012 458
1932 144
1168 2464
1011 2913
1764 323
492 823
3496 3941
2335 3260
107 1476
3796 2116
2266 2863
10 3550
2373 1345
2491 254
2414 2181
3002 1430
3667 63
3693 567
3322 1415
1879 878
2578 3757
1348 1110
3653 3530
1019 13
419 1892
3620 2269
258 3313
2605 1838
760 1661
1934 2555
198 959
1186 2250
2198 1461
1239 1165
27 820
1721 579
3888 1307
1581 473
4025 3231
585 3066
3137 2804
1870 491
1659 2352
4007 979
3234 450
962 1124
2254 873
2547 2130
600 2082
114 225
270 2412
3349 3906
2344 3840
2199 3482
611 3000
1616 1279
2163 3852
1523 1647
3902 400
692 3976
2648 1079
3629 1243
2109 479
1333 759
2441 1348
3062 1682
2572 6
249 464
3369 3487
703 3114
555 2716
2348 2017
2846 120
397 2677
2524 897
3486 3775
1343 2426
1001 1667
3086 368
550 2394
1026 2179
407 3535
1996 2345
1918 2836
3186 3135
3771 1843
3357 2000
1408 2535
1239 1742
3456 3902
3120 1002
2589 1816
352 2202
1165 1405
725 2505
3979 739
2926 2815
2062 1747
2851 3919
1850 3528
119 1599
1790 1422
289 208
2712 377
2149 2681
824 2024
3329 1162
3256 28
1974 3805
3804 1967
3334 110
353 1976
2054 3599
3739 952
244 2943
2640 3415
3044 2349
845 4023
1310 2813
2637 2946
2873 3464
812 3928
1011 3903
2448 3012
409 3613
2307 2730
1477 3284
3791 3633
3286 2244
97 3196
1749 2512
3420 2515
1416 1838
2963 3495
3749 324
1294 3765
2815 3890
3581 2051
2130 316
1473 2618
784 2610
3798 3636
2688 1602
2651 2899
505 1472
1966 604
1008 3718
845 2270
3630 3725
3963 3688
3396 1045
1289 990
870 2404
3341 3815
165 3155
3615 288
3239 1607
3886 2738
3939 1417
230 216
1211 1453
942 854
2565 1278
1759 1428
2131 2345
3370 2712
3579 1282
1328 1339
761 1304
2532 3474
635 2558
1371 2295
2235 2027
612 4032
281 3191
928 3186
2469 3557
2817 2405
2806 2056
3757 3864
2949 2031
3188 1902
714 341
483 751
3143 1386
2180 2818
1250 3257
656 3542
2197 1387
1110 2728
1820 2077
514 3953
1595 2663
2708 1195
3634 989
3173 535
550 1606
3871 158
2856 3507
1617 154
1602 1887
1797 2161
3559 2338
3150 523
899 1831
2748 81
2621 3168
410 3262
2112 265
2771 3001
2437 409
724 1462
3453 4002
1516 214
2325 2948
2932 335
2669 2065
3580 2055
3547 1503
2549 240
38 107
1628 1533
2398 1466
781 1034
1874 2155
2216 2841
3327 103
803 3909
1824 1241
3588 1322
3222 3544
2056 673
1915 3539
2300 1504
2853 3176
1963 2524
3961 3500
1104 2134
1911 1464
2621 1198
2783 599
724 434
3968 203
2782 3115
1664 535
2511 886
2247 636
405 1865
3826 681
6 352
1676 180
3651 905
3151 1241
636 1913
344 1117
3129 2230
56 362
2737 4001
3150 1091
232 2221
626 2255
2981 3848
1212 2639
1907 1863
812 391
3122 809
597 1570
2420 2762
1500 1469
102 241
47 1864
1535 206
1203 586
3986 3998
3194 921
940 3282
2721 938
1551 2668
2393 2173
2652 969
684 887
828 549
919 949
1676 1392
845 631
1252 3395
3442 1822
4027 1320
1839 635
1603 1131
1669 2173
3625 3765
3865 1766
3825 1816
2448 665
1759 4037
1230 2339
4002 1188
1604 645
3922 1264
3652 1852
1331 3247
1049 3478
3392 3941
3636 964
3495 879
3441 493
687 2137
74 555
1195 337
1277 934
3927 71
3132 608
3226 733
1986 1125
1158 3061
751 1283
415 98
1059 1729
99 658
959 3114
1710 3543
908 1967
812 1801
863 3664
1581 2163
1844 182
3327 321
3727 588
1226 1009
3055 3376
410 108
3242 2423
3129 987
3219 3479
2296 3279
1874 2195
2989 1084
1192 491
1238 532
1911 973
3223 3864
291 3167
2549 2196
1135 1275
3122 2696
555 3965
1989 3764
2551 3309
823 2092
3423 3856
1895 1235
3179 2686
3205 2323
3228 572
1343 2105
1402 1295
2082 517
1425 3356
2092 1734
3121 473
3994 2947
3890 3868
614 2370
2962 613
1749 1735
798 1548
1150 993
488 125
2868 1492
736 3543
2203 1712
1236 1496
967 3180
616 711
3085 634
2050 2805
3718 2782
788 3759
531 809
1181 3799
1357 1057
317 1662
2374 2233
2347 1629
1111 2696
1907 102
2343 3160
866 1723
1426 781
3591 1276
1496 1788
490 1837
3263 3973
1166 1781
1287 1643
3206 389
3990 2064
3590 3582
1815 3846
1061 254
1000 1215
590 2645
2653 2085
2216 3815
2220 2339
3416 1041
1752 3894
513 2268
3394 3279
3300 3732
3544 339
1424 3911
1304 809
3984 2494
1453 3796
2370 1166
717 877
3405 2438
3118 851
2308 3396
3751 1951
3083 507
2568 1306
2836 2884
412 2001
1890 3820
11 3351
538 2383
2987 1127
1147 3646
437 1724
2950 1581
284 1151
578 1956
52 2242
3869 2525
3182 1172
2125 937
3363 281
1551 3740
3622 3545
557 1693
2444 2582
455 2182
1779 2271
926 1041
2863 524
1206 150
2899 2510
3422 551
3990 2427
1144 3310
2412 594
3402 2624
1070 3052
328 2074
1391 1773
2175 1151
672 3197
245 2659
3458 3124
3473 961
1891 2272
948 1
2337 200
2672 2140
2761 2118
75 1600
1616 1063
2035 3125
1128 2007
3673 2708
2032 1824
2088 1380
3196 949
1337 1218
387 3173
353 3591
1116 2739
108 3116
122 2468
3625 2756
3726 1231
1812 3439
1610 1884
3348 1641
941 1789
2385 2403
4013 283
3300 1918
869 600
3321 3418
2842 774
1545 2665
2861 2850
3050 541
1772 3697
2363 2144
957 2287
3200 957
299 776
304 697
1270 2267
3069 2110
3345 995
2467 1487
2988 3932
3272 1775
1780 1675
156 1994
2745 1271
3486 2801
3475 3275
3778 3225
1275 1310
2093 3067
1088 2976
2867 299
326 1818
882 4002
3054 1025
365 677
3192 2386
3701 922
2897 35
473 3768
2140 1277
518 2782
2438 1830
1074 995
1438 3219
2429 3238
1367 3314
806 2139
3457 1658
2610 704
3614 2756
1293 2845
2708 1850
3649 2381
3963 2550
1909 2718
333 3978
1177 2186
1025 2728
3136 1528
267 1561
2222 2705
1532 1163
1224 3051
1415 374
1604 1370
1922 1242
2985 3414
1949 2046
396 2745
939 1683
433 1390
3968 3386
1407 2326
415 1002
966 1350
254 76
3461 2576
3378 574
3744 372
256 2362
1703 1639
2397 3175
2999 2693
779 2037
2224 1214
1515 976
1959 3617
3196 1872
150 3219
1402 1077
3765 1350
3199 3678
2426 1534
1849 3891
1534 2493
2487 1774
1523 333
3273 1524
234 2385
2883 3329
565 1311
443 3764
3834 2628
527 2621
1633 423
3474 3221
3102 3509
3783 1267
1522 2005
54 2017
2781 1204
1749 3043
1550 1333
283 406
2785 3697
3 3453
1375 1263
3149 1369
421 498
2122 199
682 877
2433 1959
3386 2839
538 3165
718 3971
1242 886
153 728
2264 2954
1912 1513
1902 2061
770 3214
2641 1694
1075 1095
1662 1360
3664 550
2007 2569
3801 1853
1089 285
1245 2412
1631 880
1377 1558
2170 1961
1628 3418
1976 3559
3008 86
3872 1757
3217 3297
1682 3376
1514 2459
3373 1184
1349 966
3135 3477
3127 340
1839 3199
3181 2120
1465 3302
842 3116
2225 3519
742 2855
3841 1587
2198 1513
189 913
633 1470
3116 3739
318 1475
2427 3675
2398 1566
3881 3586
3736 438
821 1182
620 3444
3350 3913
3160 3575
2332 2655
2218 2019
91 1495
458 1606
2120 2725
3061 472
2273 1318
937 1245
2449 3510
3809 1022
2237 59
153 2627
872 200
3749 3806
2589 1959
3874 1000
3760 936
3685 1453
743 349
1719 685
3301 3577
1241 1142
2711 3709
156 2078
3351 2670
2210 2108
2453 2708
1965 2740
787 1576
273 2201
1515 1932
2246 2289
1533 2188
3944 590
1491 3625
290 3857
3169 3568
3699 3067
3347 266
3151 3457
316 3915
266 1961
1885 1664
2103 768
1399 327
202 2050
2336 498
536 2409
3282 620
2082 2512
895 708
1887 1549
3300 3555
2006 1582
5 333
449 703
1797 3266
1721 1101
1530 1455
2104 2971
1223 675
2400 1457
2711 737
564 757
1714 3248
2437 1453
3403 459
248 305
313 3502
1533 268
2176 2787
3613 1936
3004 90
1417 3371
880 401
3911 1944
2358 2538
508 1009
2637 2165
1371 473
2864 2619
1574 1710
368 280
2620 2553
1104 3978
3600 2940
4033 3770
2376 118
553 1982
594 3095
2563 2046
2197 2366
3089 466
2567 1235
2583 3173
3310 532
1614 3431
3315 1190
3048 1542
3356 3300
608 1818
2850 140
1794 3460
1685 102
1139 3312
2062 3268
2051 3265
800 490
2346 1265
1699 2752
1309 1728
3742 1873
3990 1496
2436 554
279 1184
1521 4034
2126 2738
3931 3223
2968 2255
2778 2313
2529 3589
2312 2289
3725 2332
945 895
229 2652
1820 1878
2431 2101
1457 1494
3055 2813
3892 1120
1928 2339
999 2394
1703 3205
3368 3057
2345 1422
3677 1649
1127 3827
1885 287
755 541
847 965
3633 197
1836 2473
3558 1241
584 3049
1140 86
2425 1528
2990 3804
1380 3646
3592 1046
2404 1459
3835 3816
3023 1715
3642 1430
1234 1874
747 1266
518 3722
3674 496
3861 1434
2849 1462
2268 1747
1775 1102
2099 4037
2476 2329
2498 1351
1346 3272
1415 1073
3427 1116
1785 1489
3954 3249
3785 3593
1740 2894
2646 3749
1341 3469
3362 2065
3636 603
2571 2652
719 934
3965 1659
681 524
2953 1813
3912 1561
3412 107
1250 317
2249 1768
1728 3890
3362 2363
2716 928
2041 452
819 2711
2740 1477
2390 2932
303 647
1978 3643
3862 3300
3391 2982
1967 712
2589 3600
2126 2939
2829 1783
2793 2199
2575 364
2066 2785
1439 410
2028 1575
2999 1026
3643 1527
2976 1353
1053 1386
3977 599
3528 3970
1559 60
222 1800
1598 1913
1587 3953
1485 2363
1893 1774
6 3397
637 2142
1675 760
2162 846
3078 3781
2228 2376
605 2807
3952 1102
1658 845
485 3619
377 2426
2734 258
2397 2879
3331 2353
611 1801
1536 281
1952 1916
2270 499
629 423
742 1610
3961 3312
1723 591
50 3324
2647 147
1959 3098
2631 2015
928 1056
327 2130
3500 1093
569 743
530 1726
2488 815
3434 2097
3328 3695
1303 2681
2664 1137
3664 147
2679 1243
1184 3336
3721 2238
2686 2044
2476 1048
1451 3983
1190 1006
481 3402
3425 1218
1336 3181
2888 2002
2840 2148
3358 1725
3024 3035
3623 2294
2073 917
1343 1658
3200 1146
375 2177
1227 2990
485 105
1771 3538
3743 3638
1766 425
3066 447
1826 122
2907 1833
371 3946
225 3080
3098 1731
700 805
3969 1239
4 2652
2283 526
1293 1975
962 3126
3390 2755
1169 12
1548 3724
3726 250
1100 1258
2201 2804
2046 1999
4010 761
3440 186
3128 1713
200 1852
3296 1437
2610 2305
3381 3099
2144 2582
899 3529
2319 2286
2447 2274
669 876
2803 3668
2273 509
2132 1996
1564 2609
2607 604
90 3605
488 2254
3131 3052
851 2543
2283 3271
3755 3096
649 1792
450 220
3267 1580
1134 2937
1138 2601
2593 845
288 683
3696 1213
1418 970
768 3104
2902 2414
1757 3986
2182 3177
4013 3175
3460 3111
2066 3885
824 3008
498 3879
3170 1006
3515 1071
1106 409
3446 1010
3411 1178
3578 1401
182 1364
1940 3145
2076 1431
1904 3484
2912 2573
1075 662
2660 3536
3146 761
2480 2493
2497 1058
825 2257
2746 3722
19 1774
2079 717
960 3464
2412 689
3586 1977
1053 2885
956 176
321 36
2691 284
269 3417
3811 1620
312 3017
3078 3495
1741 1996
3476 1419
266 1489
1541 1613
2882 3697
1745 2279
3862 2423
1130 3384
3505 1301
3009 2559
374 37
2861 3449
3089 2754
183 2943
3476 2250
862 2988
2172 2236
1723 2228
2078 2705
3665 2283
2290 2913
951 2490
3799 3923
279 3822
3679 391
564 1202
3503 3374
3345 547
1459 823
3000 3887
911 2400
1630 60
1292 1098
622 2907
1281 3016
436 1087
2148 834
693 2847
2570 2251
942 3295
956 3773
1107 1345
1657 1189
2995 560
1567 4029
2643 3785
2578 3405
2872 3656
2822 560
2991 312
1303 1043
1511 479
1809 1065
2426 536
983 3030
1259 1234
1134 2851
3663 1209
2753 701
307 2069
3119 49
1266 1534
1811 1675
2596 434
515 443
2765 797
2786 690
3363 2893
2633 1800
537 3973
1662 3877
2142 2847
3826 3043
1777 1020
1354 1147
943 2800
2786 427
287 1920
2768 885
3104 1352
3099 1115
2688 2397
830 1686
3055 316
867 2258
759 169
1335 2012
266 1309
2844 1426
2911 2222
446 2085
2829 46
2015 683
2794 3002
3966 2482
1754 2983
1557 3697
3146 3123
759 403
3192 2534
176 286
1818 3942
3054 3445
3437 3462
1032 2727
2217 648
2231 1832
704 2501
135 125
1487 256
2509 1796
2830 3673
3493 1003
3842 211
1759 1621
3715 508
2304 2244
2444 1409
3866 3797
3046 3335
2475 3353
3415 2232
16 2196
3857 2226
3196 2565
3705 2033
235 3419
3295 2612
2076 80
1556 234
756 2847
3425 1518
192 1891
2487 3887
1579 1108
1922 3393
1586 1960
3841 2254
2863 3020
2084 3428
1192 945
3142 3770
569 3904
3730 1595
1483 196
1392 1924
3554 2259
3623 3184
1896 3370
1921 1140
1582 2847
1461 976
1282 3831
3308 527
1155 1413
530 672
359 41
2663 3505
3072 3181
3490 1685
1373 2736
755 773
2966 3298
762 1153
1695 964
2118 1751
2462 1949
2834 1057
2362 1833
15 3575
2756 3604
108 4007
41 2996
1401 3967
1573 3920
254 552
867 1765
2902 3056
1338 3152
3671 1331
2240 3949
3247 3062
2302 3720
3939 1380
3872 202
760 1918
3254 3600
3718 1672
3891 1659
15 4004
877 2203
2309 1643
1870 2962
441 656
2563 218
3094 1621
1210 878
2183 3967
2634 1425
570 1833
1971 118
4022 777
2069 3761
542 3212
2315 136
2956 2768
542 1353
2113 3281
3212 104
319 3913
2237 2867
689 2554
3426 3096
584 1585
2683 1683
2421 1630
2633 2531
2188 814
2902 2064
2432 2160
3637 3165
3896 3381
2795 2825
3864 1849
3908 1464
1636 566
2741 1405
1728 2611
3710 1362
2921 779
3645 3266
64 316
1858 1635
339 1792
245 766
226 2063
3929 774
793 2579
809 2346
1008 242
3421 1999
2749 3913
3755 1386
3938 3340
1301 762
1781 1011
2545 613
3022 2633
2293 1406
3967 3526
1649 2694
1757 3168
1477 2769
2573 2100
1654 3315
536 3927
2453 2368
1488 560
3781 3610
452 3186
3284 134
3066 2799
2587 366
3405 1032
1480 3290
3668 1002
638 117
376 2730
3650 2618
3970 861
2513 228
3975 3191
1927 2074
2047 1153
1778 2485
3154 1676
2828 3770
140 3382
2120 1261
266 1963
52 3870
1964 229
2210 1477
2887 2487
470 1905
3545 4038
3516 2658
2914 222
3377 1587
3246 3104
3415 151
985 3030
437 1145
3628 2520
1907 3019
200 1324
796 3382
122 1152
2269 3557
1503 3483
3306 2900
230 777
1424 240
765 132
1367 2381
2631 3417
521 1908
1549 1391
592 3194
1882 869
3179 3364
245 1070
727 1894
758 2295
2431 3032
3524 448
2113 2724
2992 1413
1223 546
571 2353
413 851
822 1412
751 416
3965 3755
138 1177
932 2428
715 1970
3550 646
2810 720
1532 2351
1711 1844
1618 3088
2281 3904
3847 327
1367 3339
882 932
1855 1496
4002 298
3933 3414
1528 2794
1642 1657
357 2893
187 2512
2135 1458
3306 1203
396 3409
395 1646
3702 563
3507 2301
2201 2461
3136 2505
1682 133
566 1631
2325 3165
3677 2856
1476 2845
3378 1501
961 774
2342 1709
2476 1265
3931 2494
2485 295
1973 3519
24 131
527 2975
2411 785
3530 395
1352 240
3024 307
3081 2169
3359 3075
2432 2580
502 1093
2119 3871
901 1786
2626 3724
1088 316
3879 952
1395 3646
2782 1439
1826 992
3405 3831
3408 648
3279 4004
1952 2680
3404 3887
2591 561
685 833
2698 2974
2780 787
3598 1161
40 522
2621 2348
2195 1577
907 3099
768 802
3925 1993
317 3792
2094 805
371 2771
1509 2152
1511 544
595 2370
3010 733
3500 2241
3516 855
3966 1466
3981 2702
3070 1338
3930 1911
1698 1305
2814 2793
633 3579
2770 2500
2699 414
230 1174
2370 3311
376 485
1604 1633
2893 2118
1151 925
816 2331
108 3853
1693 572
3727 920
3891 2809
2118 2866
921 1876
1797 66
2890 3525
404 2265
476 3845
873 707
238 710
286 2274
289 2793
615 1315
3501 2655
1053 2342
693 2874
2458 3834
3357 2323
3206 1555
3178 3736
1848 1089
996 3621
1348 3345
3847 1290
3694 1454
3965 549
3325 305
3192 3035
806 193
3933 489
556 603
584 2360
2479 2521
857 993
712 3333
2825 3406
3836 1167
2374 3146
3956 592
3698 1029
2116 2467
783 1486
2003 1260
3523 2228
3294 3469
3401 4037
3746 689
36 3576
2651 1896
25 897
438 2853
1880 3158
3957 2085
1191 2558
320 2196
3169 441
673 214
2329 3079
3315 256
1570 1885
743 280
2945 471
2279 1756
438 3580
3419 1355
3423 2754
2205 781
2563 913
384 2090
3277 3417
970 2432
1598 892
1118 1023
3859 2464
3961 2437
2812 586
1591 1596
3562 505
1471 1303
1575 2470
3077 991
3235 3718
1242 2522
3830 3338
1191 3065
908 107
412 2016
1714 643
746 1999
2034 1345
3597 701
950 2145
3066 2484
333 152
1437 3338
2102 3552
2781 1418
1614 576
705 3626
1701 2775
2090 1778
3488 1047
1116 543
2164 3785
1849 3335
1347 2865
2648 1553
323 32
991 1088
3823 2220
179 1242
190 1990
1308 184
2359 3356
3478 2506
1582 1498
2617 1838
2093 823
2035 3447
539 2394
1496 3789
3477 3062
1448 833
3087 3147
1174 2479
3101 2687
328 1873
418 3821
3110 936
2434 2811
1157 155
2589 301
1466 2671
3060 1829
1938 2433
529 1939
2259 794
2538 2631
613 179
3353 3755
2133 1853
95 3117
1099 3717
1493 2171
2183 3669
3610 808
1631 509
197 3861
3621 1489
1288 698
344 3398
3067 1696
342 724
2129 2640
1267 3280
2872 701
2847 1015
262 1594
1041 208
1200 908
194 1020
451 451
3476 1223
215 743
3814 1355
2719 2345
3212 1391
3078 2357
327 3782
297 3404
3834 477
2920 2925
2053 3138
1793 2919
2068 4023
1831 955
198 3687
155 1038
835 1901
3295 2362
1314 186
913 170
3313 508
3695 2450
240 48
2020 1005
1632 284
3042 861
3350 2308
1791 845
3473 1614
303 2817
140 1999
2890 2359
2265 3524
3452 166
1578 3026
3092 3051
610 3478
2819 3837
1659 3160
1036 3735
1716 1693
2367 2105
2561 184
1353 3116
2435 2866
2993 3139
1020 132
361 4022
2950 2055
3609 1346
3110 1132
1908 11
1301 860
2038 1347
2418 293
296 1013
334 162
939 80
1878 1611
788 1384
210 1339
3404 105
2139 1682
590 965
2337 2326
3700 2002
3347 2077
3174 2114
3633 2588
3717 371
464 1129
560 3787
3463 108
1599 2422
1515 3395
649 1278
1212 1743
3378 3580
3054 614
19 906
1455 1125
2947 1238
323 2760
532 3832
472 3909
1236 1819
221 3605
3399 1395
1766 972
3940 2664
1004 586
2168 2046
2872 1593
3485 3839
2412 2311
958 3377
3243 3190
2771 2162
2576 2339
3380 3359
696 3999
635 839
1855 165
261 3263
2101 2493
2175 1798
2608 3661
731 1212
3442 3874
3383 177
1789 336
830 1991
2915 3166
1929 1755
1651 1222
2701 1450
2963 1719
2526 1121
3048 2342
1600 2491
75 2451
3818 2655
2558 2806
999 1547
177 142
609 4022
1374 3957
1557 3069
3955 2411
1063 227
3869 288
2472 4025
86 102
1444 3599
1116 1947
3238 1118
502 3908
488 1228
2969 2240
2608 3722
3903 149
2117 3708
2201 1627
3166 2980
3901 331
1210 216
3308 1265
861 3453
933 3222
3810 4034
67 2152
547 338
3198 3361
2857 2681
1566 3328
1222 1990
1632 1523
560 2569
2496 1827
2995 3914
1094 2426
2458 665
2518 2556
1677 3046
1613 3499
1297 3063
709 3215
1823 1909
1296 822
3728 3395
2839 1158
77 1550
300 1738
198 2902
4017 115
2803 3176
727 827
494 3572
2668 3782
69 1779
2265 393
3274 990
1254 2064
2359 266
1942 2814
3650 3466
2760 2362
1934 780
2124 3829
775 938
1079 3251
3273 1869
3945 1871
894 3058
3485 2422
2397 3712
2333 2159
451 1444
3333 3197
818 3915
2708 668
442 1755
1922 989
3541 969
2256 2180
2986 352
2166 304
721 782
1056 773
2204 22
3645 3886
2047 1771
2863 3580
3562 440
2449 3942
3921 1942
361 3875
4004 3155
1589 3666
1008 1326
3600 2129
2419 871
3019 209
255 3796
3214 2117
144 3729
160 20
2742 3740
3997 643
1266 3350
43 3353
3294 2001
3060 604
2927 1341
3749 3840
304 2082
870 2606
262 2205
3212 830
718 166
3548 1230
301 3092
941 825
1368 1719
1823 1495
2454 2464
3727 2804
1488 3698
3107 1545
1740 1411
1979 3683
2606 1836
1625 2561
922 2733
3991 2840
2804 1977
2680 462
2846 1345
720 3101
2414 417
3211 741
2650 2496
3006 104
1401 1451
291 931
4026 2139
877 2679
1668 2480
3484 1691
648 607
933 701
3856 1623
859 1528
2139 3390
3722 1320
1314 2783
3706 339
1381 3600
3651 1742
3409 571
2791 1647
2283 1086
3285 3980
258 3730
1652 1474
2966 368
1112 187
2014 2504
3218 1530
1659 2846
3463 1449
2814 2403
3830 974
3946 3593
3504 1456
130 185
2652 2773
2979 874
743 2742
1403 74
350 3216
2749 2090
1280 3939
3855 3267
1119 506
1206 85
2230 3454
3973 291
152 3170
844 333
1141 1513
176 236
3608 3354
3002 3535
1678 1959
2116 3216
3196 1775
1664 1937
538 2548
3844 2383
1005 103
738 59
3090 1894
3645 3098
1414 3107
2384 1593
3156 3864
3467 3539
838 2197
1872 2128
1416 2765
1121 3607
3665 3199
545 941
93 1174
3945 2119
163 3984
1430 2356
1644 2476
2534 583
1841 3821
2957 10
1582 4003
71 3522
2250 483
1144 3866
943 2150
114 1959
1461 2368
3944 277
3841 2555
3204 390
186 2331
3711 1277
3333 1398
1101 1195
602 2636
3769 2328
3925 2376
1798 2835
1644 2978
3071 1729
2373 2331
196 2682
660 2638
2558 1190
3703 3252
1410 3319
2828 2975
621 1466
3252 3677
1546 436
2585 2804
2034 3072
996 2434
904 806
1472 1228
60 3183
3822 3238
309 1020
3141 3198
276 385
1732 36
2819 1587
2120 1826
1070 3149
739 2717
1923 2475
3179 1763
3977 1253
3565 2953
3837 2605
2364 830
2412 2457
200 2261
883 3789
649 3117
1538 802
2350 1748
562 3813
360 2674
446 3968
1155 3827
56 341
1909 895
3329 1960
1098 2474
2632 1092
26 3124
435 3245
2193 941
907 4011
1676 1748
1455 1737
3816 2236
1528 1836
1969 1989
3308 274
1047 13
1540 3142
1351 1403
174 1678
3312 3480
3827 2681
439 757
990 1948
3945 1528
1275 1452
3716 1822
720 2801
1785 4018
434 2130
1102 1472
1751 1750
893 629
3577 2733
1733 2761
1915 4028
1198 52
339 1155
2104 592
1035 3399
3760 3747
2691 2042
2134 1588
3887 367
2506 2972
1166 813
2897 2685
3184 3913
1813 1360
1648 3605
60 2987
2063 3417
1785 2850
667 3150
607 259
2313 2770
3742 753
1570 2242
819 3560
1173 2198
1243 2440
151 862
1227 1313
94 477
1384 122
1266 334
3080 1087
11 3963
1072 2874
3353 1553
2172 3091
749 2442
747 3427
2486 1048
1771 2540
3971 1774
415 2896
2401 2948
1321 3004
2960 3566
2678 328
1976 1066
1177 3694
2510 1213
1007 3245
2547 3209
2068 3602
1186 2883
2646 3247
2628 3099
1512 3196
2543 1075
1526 2241
552 1565
228 250
287 3423
3019 1970
3850 3745
2504 457
560 1814
2717 2504
2783 759
1453 2566
2312 44
294 3554
2048 506
3134 59
1957 3583
1533 2758
2116 2114
1241 3526
3623 1298
1894 3973
2137 2067
3149 3833
1297 1927
4012 108
3455 1353
3821 20
3577 2475
274 1992
3766 1347
2768 2587
1108 3757
2059 280
687 1110
998 2173
913 2545
66 188
118 3318
2379 499
2826 1226
3368 1058
1806 1094
1593 2480
56 3064
2213 900
3224 2285
2996 2562
3132 1532
2035 469
1449 1172
1901 3043
3267 3091
1477 1869
2406 410
3204 407
2891 1234
420 837
3154 2399
862 3652
2849 3187
2603 2955
2860 2814
299 615
1798 2062
3712 2214
2730 1998
1854 4033
1165 551
418 991
2232 481
465 3221
2928 2120
3567 3488
1419 940
3962 609
1047 88
1472 3110
3916 224
1993 1638
1543 1972
611 1037
3536 2323
3671 2502
2700 2802
686 2036
82 819
1288 1190
3302 693
1488 1762
1142 2225
2212 3275
2163 3273
1561 861
1214 2915
3495 1120
732 3212
218 171
3921 2714
2214 3646
1238 3399
1115 144
81 3753
803 3225
687 557
2235 520
2503 3074
1706 229
1853 3524
2217 24
2138 434
3517 3507
3958 466
3088 3167
420 3794
1986 712
2094 3555
3735 3469
280 2623
3279 286
2031 509
2393 996
3927 1954
1025 3755
1397 3958
993 2155
2220 2017
614 3596
2620 1045
3669 719
2355 530
3560 1183
593 489
2848 3816
1622 3965
3162 691
2290 1388
2501 548
3905 272
3265 2402
3859 912
2684 3028
4036 3955
1904 662
3045 3734
3678 2213
1981 1424
871 66
1531 1444
3413 2426
2328 1946
194 1335
3271 838
1401 2418
1288 3440
3637 753
2966 399
145 2741
3532 2490
2292 3454
2563 300
874 854
3784 1082
2883 3991
1753 2265
63 126
2606 419
2493 3589
3006 2284
3327 3479
3693 2788
795 2124
1143 1310
1422 2934
2445 1497
3099 297
2457 1793
3513 1044
3741 1912
3687 642
185 768
1230 3665
631 2783
970 1332
2208 3764
2646 292
2548 424
2676 2896
790 1896
3727 2347
749 834
931 1220
2224 89
1757 3946
204 3867
2450 1410
3352 2122
3687 211
3261 1182
2736 3395
2045 3303
1205 3112
1733 3050
1127 273
807 1234
168 2949
2491 3011
1316 158
189 1095
3345 3402
3145 2822
1415 2670
1060 284
1774 1422
2110 3218
2350 1891
32 1657
1824 3216
1157 2076
1848 2406
1439 436
3641 1254
3193 492
1521 2172
4004 1456
2333 877
114 1300
609 273
155 2638
3933 3266
1921 719
1355 2575
994 1116
426 3761
3466 1848
1151 3091
1983 13
521 41
2528 2942
1530 1503
1256 2673
1289 3173
1972 1847
964 3395
2925 3871
3789 713
395 3918
2577 2141
409 732
3004 599
1347 2637
2281 1711
1751 2133
2823 2406
2504 3907
1143 1967
177 2519
104 1532
930 3943
754 273
1196 771
1270 1475
1161 2618
4037 1362
2471 1987
2401 2703
1965 2488
2334 3364
2240 639
2 1241
3558 2963
1056 1006
2699 2871
1431 698
2574 1636
310 2699
3129 552
2537 2712
1418 3296
1896 2521
3067 3570
95 2616
2534 966
3705 3
3195 1098
3865 3183
912 3141
510 3920
3039 1102
1809 578
2923 2402
1893 1798
895 3620
2636 3278
575 1999
356 1821
1765 1143
3740 2481
3163 1708
3168 2027
931 3020
1886 2393
2917 2394
2698 1521
322 94
2340 2826
3911 3819
2752 2963
3263 3582
2674 882
1785 831
2595 884
164 3920
3202 3275
1106 2347
3051 3538
1956 1924
1345 2803
3873 3502
3714 1992
3024 2577
1521 759
3216 642
1437 2487
2396 3791
3991 208
3462 1701
2577 2287
2220 2040
990 974
365 1923
651 988
3360 787
3358 201
1693 1298
3730 3677
1192 1998
2010 2237
684 2928
816 2761
2075 601
2076 1528
3106 1025
1972 2925
1308 2898
1471 3913
1512 3030
646 1275
3094 605
3895 2401
1900 1159
1925 2219
4007 3787
2798 3977
3335 3511
2055 1047
823 1001
1108 2614
1054 2756
3768 967
1019 1080
855 1419
1406 917
2885 2834
452 972
1323 1791
2369 2184
2309 3766
1607 2642
4033 1475
2023 2692
2786 1724
2509 3318
166 316
1874 752
613 738
3864 3807
179 730
2427 617
2954 1531
1964 908
419 3121
3700 881
3494 3075
1187 1585
2680 2030
3737 279
3087 1661
690 1606
4028 1023
3092 800
3314 2397
3901 2010
1382 3807
530 3634
443 1893
3291 2238
30 411
2020 1502
2808 1768
3061 353
1543 1126
3603 1554
536 1796
1693 2881
1827 2276
1516 520
3589 729
3266 2107
3240 2010
1354 635
2664 867
211 1375
1455 3982
2044 854
906 989
1134 259
1530 2394
674 2038
1058 1769
2580 2887
1380 3771
2403 952
292 2917
2364 2104
2811 514
163 3215
187 2853
1369 153
2728 3978
402 2871
2562 3914
374 394
2610 2148
3895 3385
3044 2522
1990 1921
223 3930
661 3793
1881 3071
358 92
3194 1939
3080 393
810 2558
678 630
2682 3891
2014 2153
1989 1703
2264 1805
2512 3074
2379 2065
2878 599
2713 1562
3320 2009
3758 2399
1387 1147
875 3716
1867 3457
1868 3583
2569 3976
3576 3794
2323 3557
3301 2310
77 1877
3858 2697
2335 1647
1383 2083
2543 2362
1152 710
441 916
1098 3266
372 1609
2530 605
3045 414
896 899
3641 1664
1364 3267
1023 673
3471 408
3341 3920
3830 912
3546 1488
3260 1675
3815 678
3681 3770
3140 850
3890 2231
751 3816
1497 1816
3803 3320
407 637
1396 2619
853 527
2569 2140
1520 3087
1954 494
229 1449
2649 3528
1546 472
2791 2055
1122 2773
2733 209
1560 2911
2647 705
1406 1809
3216 2018
1318 2797
1984 2543
3198 3491
2738 2779
3833 3932
2151 2802
2662 1587
793 2511
3569 659
2714 2346
1964 2126
609 2574
1378 1296
1945 3580
1171 3167
742 1556
2699 1098
1151 2817
997 620
2682 150
3905 3882
2453 3165
930 56
159 3979
2090 1813
624 2947
3776 1018
1999 637
1551 2826
641 3120
3715 1897
2230 185
248 3817
2141 139
2296 153
2871 1341
3418 3861
880 207
3909 1111
1042 732
2231 2650
598 1909
1958 1658
1435 2648
2519 3543
1909 1221
992 3279
2516 188
2334 2228
826 1728
2255 3177
2747 1511
1672 3145
2681 1565
2459 37
1841 3603
1871 575
3026 2078
3458 2474
3507 1939
679 2215
3941 2478
619 1217
3025 3268
2724 3358
2157 3063
1015 1806
3758 3009
2331 3973
1181 3726
146 265
2718 889
3830 3750
3394 1098
1523 1789
482 3255
954 1757
760 587
4037 582
3043 1360
173 1293
1892 3754
3559 3081
2603 3816
3755 2859
2685 2442
2765 238
752 245
498 3710
2587 2245
3012 3744
948 472
3198 736
1726 370
3950 16
4016 425
1589 3743
3993 2719
2453 105
3645 1845
3037 1406
3232 2696
2333 1395
3981 339
2664 780
1718 3461
2628 1695
2193 3860
1005 3508
2028 3165
3068 1018
1047 2930
1181 2646
869 3986
3118 3587
2571 3961
1216 2814
1263 181
2340 2050
1388 767
2936 804
284 1469
876 3826
1361 3963
1525 3263
1219 2441
2825 733
3974 1262
2483 1222
2262 29
823 2273
2884 498
65 1490
4038 17
1448 849
3064 2942
3334 2397
320 3920
298 13
1003 169
3795 470
3853 3748
372 545
284 492
1556 170
2865 1286
358 1087
591 849
61 1781
4007 2738
2055 223
3007 3422
3520 153
3760 2434
2823 921
1954 3184
3763 612
1252 3265
1461 383
3807 324
1064 2165
2643 450
3399 1110
1166 1127
3546 2717
2474 1276
347 3499
2021 3792
16 1595
1316 439
696 2975
3812 511
2284 2330
1693 1449
3822 698
2143 3214
1116 3109
3140 3532
1396 610
1140 1024
1666 2880
1947 413
2683 2859
3154 122
1899 183
1690 1776
64 2586
3906 3217
1657 3178
715 1798
1546 3917
25 4016
3859 1451
2833 1353
2018 3422
2958 3079
1788 310
1036 1500
3789 2879
2180 1479
2399 1801
930 3659
3623 1895
3971 388
3664 2171
1278 2231
1239 3242
3163 699
2459 2584
583 3401
738 1779
1027 3676
1046 1817
1932 2849
1055 2795
3807 2383
1873 3764
3891 3958
3158 2707
2356 3437
3740 2723
3572 617
1111 3976
40 115
171 2964
1552 1003
772 3805
2217 3480
3308 1498
3891 2831
2603 2454
1196 2109
1165 2666
1171 59
2970 3241
2231 3196
1716 3417
2914 1855
3040 3493
1841 3410
557 2631
1283 2941
104 4022
2088 810
928 1689
2894 1377
211 1440
1836 2232
3632 1126
860 3339
1789 2012
3811 1771
1385 1835
160 339
1527 2572
1911 2103
216 2218
2288 3655
3328 158
2554 3753
67 315
3482 910
1528 2549
618 2983
882 1526
1656 3736
833 2658
2096 2055
3445 199
2907 435
1257 1875
3629 1455
3177 2248
988 3854
1416 1630
1563 510
3108 859
3221 1225
56 1357
3651 3060
3346 2870
2341 3341
3990 792
761 531
3844 3524
637 855
1185 2438
285 2954
3629 1794
565 676
1846 1650
2816 1536
565 1297
1645 3951
3397 2543
443 1680
3901 3316
3885 2496
3766 369
933 651
3352 2476
753 2176
1933 3561
2917 3345
3842 2763
3003 3191
1959 448
1842 3248
1302 3967
1205 277
1561 2796
2002 94
3021 2000
1145 2033
2420 1821
2220 778
2118 3819
3083 4017
3287 2322
1716 1211
1699 2354
2348 3691
2811 2904
3664 2083
3792 2130
3396 1221
3167 3223
1781 1908
3506 713
551 2563
3555 1606
279 2029
3739 3902
2189 3615
1554 2057
748 3402
2240 2771
867 2330
132 2910
3280 234
624 2068
895 1459
2357 1442
2142 3896
2950 3602
468 1110
3398 1053
546 3588
968 3119
2984 40
1810 2156
3495 2094
656 175
833 2304
1357 2713
368 494
1980 2032
3473 2955
488 2639
270 457
1142 1477
2637 3621
1006 3929
2654 3752
3484 2410
2053 1560
588 367
2042 1036
4006 1494
3150 738
1490 4000
2758 1435
1464 849
3731 2475
3291 961
3935 357
23 3416
815 129
3333 2207
2784 858
1351 150
3154 970
1060 1746
2108 3452
2240 3435
2007 1084
902 3126
2226 1401
1841 200
1450 2740
1476 317
3680 465
426 3791
1650 2200
1072 615
1393 3242
1728 8
282 1551
1098 3299
3280 3862
1962 1040
334 412
3608 2788
2325 2675
319 3588
1000 2265
3872 3456
2783 535
3652 1054
1164 3717
980 880
666 3822
3805 3585
72 394
1267 2594
2972 2105
3854 96
1541 3725
3342 1030
1596 2248
3108 3388
1418 3478
473 3621
209 3861
1308 2233
1483 2592
1414 243
514 3202
1051 2285
311 3733
1426 678
1658 1927
889 239
3793 797
3299 1198
3181 3359
298 1558
1604 1273
1396 3727
3193 1770
2680 1224
1536 1353
2164 1545
2286 1080
2158 1499
1757 3892
1223 451
3965 166
2616 2434
2025 3727
605 2872
1904 2249
1232 405
495 39
3537 3913
1874 384
2022 429
2497 2894
197 3511
383 3983
1263 468
63 503
584 3651
2385 3126
2036 1313
2658 2475
40 505
3973 3720
1257 3502
710 3165
3365 3836
854 1925
1353 3443
131 1662
2670 2634
24 1675
3236 2815
3150 2971
1875 1368
1429 2860
3545 3297
910 404
221 3216
2275 3200
536 2495
3432 2892
1897 803
1931 2069
1591 385
3616 1067
3214 601
3949 2597
3568 1472
1017 1691
2605 2063
3148 1002
1707 3731
3565 3870
2873 2066
989 3817
1323 917
2451 2881
2334 515
2142 3243
1674 1680
1977 1732
476 492
637 3446
1556 1867
715 1957
2520 591
601 3043
1193 2908
277 1798
1382 2688
814 596
2875 1921
2241 3845
3935 1905
250 3317
3174 2005
2509 2536
3458 2306
2972 1668
1196 2447
1487 3042
235 1098
667 2668
2826 420
1410 3763
431 3328
3394 981
1046 2983
2132 2742
2672 2543
1329 3577
3033 2001
841 1628
1119 64
2399 1962
3921 1149
2704 1652
2554 2380
1086 2021
2000 770
3482 3995
1017 930
2734 3118
3186 998
3021 2924
2280 627
3559 3612
3096 3734
2286 1987
1093 2502
2005 3280
3864 1579
922 549
686 1317
2526 3610
1422 2236
32 3343
1257 4031
96 1221
193 822
381 1242
1453 1378
1459 1337
2244 1309
338 1445
924 2300
443 2336
1025 1422
2523 1220
1152 2303
1524 431
3288 1800
2540 1161
3964 1169
3363 3875
3532 2113
3767 2235
3118 3446
1383 1077
2829 1612
2230 1605
925 3468
446 799
451 2697
2859 1534
1837 3407
1719 1350
1144 3810
3386 2632
3389 1870
1551 39
1886 2790
171 722
1807 2479
1835 2785
123 1186
2868 2554
2324 1402
3518 143
1918 670
399 2325
1095 1815
3810 909
237 648
1167 1526
1683 2019
3130 894
2658 3128
3523 568
95 235
2561 3820
1859 1541
3366 2557
1342 442
2312 3446
1244 3924
1391 93
3507 491
2318 3634
1623 3121
351 2556
488 571
2930 3838
3552 3078
1705 2992
3521 4028
1253 640
940 235
3480 2586
4034 774
364 2608
3690 1189
2873 2059
2226 1451
2692 295
3789 716
1214 3224
905 513
2597 1020
3226 1048
286 121
3461 2204
2660 1539
2163 1301
2261 1167
3039 2476
37 1221
1474 2949
1196 2865
81 2771
1423 1946
2994 148
3279 1714
2097 3877
1351 3123
2663 1933
1098 2351
1441 3370
2201 662
30 3140
677 3861
3228 79
2627 1098
1591 2737
1273 2623
206 3224
2393 820
3739 221
9 16
1038 1152
1818 2873
740 887
1007 1350
338 376
840 603
3302 2870
3234 924
1768 548
3516 902
2256 3478
3431 3564
1454 1734
2551 2263
2956 680
3691 647
2402 2579
3524 3065
895 3884
2568 2334
1708 1563
2318 3625
820 263
3259 33
2772 1722
1309 1035
3796 1509
3693 2530
3132 2726
2883 1604
613 890
1495 1475
3310 3173
1858 1969
3893 3575
613 3520
2795 51
3473 219
134 2830
3595 3517
1566 264
3701 1266
1660 763
1294 1106
1216 1825
2809 2621
3504 3275
2149 929
1288 458
1341 3048
1575 1993
1461 1645
2563 452
1548 1304
1729 1549
17 1213
2582 1771
3402 3711
3883 151
1342 218
267 2352
756 853
270 3066
2415 3050
113 3123
2179 3157
1114 2666
1896 1997
320 494
3053 1691
3053 2112
3420 2468
173 1320
2079 2909
776 1165
532 3330
3572 2675
330 118
2349 2696
3791 1404
788 2488
282 3746
3465 3443
1845 1752
1154 3025
3653 1861
3495 1615
1170 3382
458 1272
2346 289
532 1070
102 3311
581 1936
1340 1211
2004 2845
2546 3272
3984 2916
515 3068
3720 3558
2987 1433
2833 3785
3430 2140
1036 344
3756 387
3764 2360
917 458
3773 1517
2915 2044
640 3435
3039 1377
1484 4019
1316 3304
2107 2488
3413 3906
3084 2201
3908 1116
1538 1786
1407 968
1958 3296
155 1503
2024 1758
1278 3184
3695 3065
1726 2221
3967 3000
1931 193
3272 2633
33 25
448 1378
451 596
595 135
3373 617
1851 1186
51 2472
342 2056
792 999
3923 926
1952 195
4016 769
20 1919
504 842
594 3293
1292 1787
1959 1008
2806 2241
1077 1636
3824 136
3681 3414
835 3500
1479 3522
3500 359
991 2317
1559 958
551 1107
2835 3872
3503 3326
3166 3272
3055 2959
1860 3925
933 156
2638 2725
3193 3600
2649 285
975 2369
1133 1492
531 3385
3562 2858
2671 3645
1841 574
701 3918
2466 1388
1536 3362
2075 753
729 3525
1990 735
928 2631
3229 3707
2828 1920
3966 1592
367 1376
3460 1321
2829 2315
1818 162
1680 2210
2397 3056
1943 1176
3244 1039
917 2462
3665 1697
2416 3768
488 2065
3596 2478
504 3265
1612 3721
2256 2206
2072 156
3936 1314
1482 964
2663 2599
2793 3391
1348 3732
1405 2248
3754 3626
3673 2928
450 50
1474 1513
1001 2733
395 322
3539 397
1529 1815
646 2666
1947 491
1679 705
1333 214
2208 2509
2630 3199
3037 1109
2533 2475
1244 2360
3596 2910
963 924
748 2864
1630 2199
242 2733
3667 2053
4012 1137
3160 2178
4008 3116
2818 3706
290 688
1645 864
189 2236
1322 2120
2745 3453
1890 1367
3059 3330
3649 3367
3754 3660
513 217
3564 4000
4025 2363
908 3242
2585 869
1680 456
3647 2360
1857 273
3323 3532
290 2539
429 3531
2566 2744
827 1846
1093 686
2213 934
2499 162
1782 256
2141 4018
700 2881
2898 3276
2272 1217
2360 3689
2216 231
884 3867
972 3474
677 3538
731 2911
3459 2404
3794 2715
2460 49
3398 3017
1020 2383
41 3229
2204 2283
3972 2208
19 460
3 2830
1815 2525
3194 419
623 3520
3916 1861
3463 1157
2467 1367
163 419
1379 916
3579 2896
3465 356
3849 1635
2671 2388
2726 2580
753 3654
3768 3359
1093 3651
2211 3739
1441 2706
2020 3320
348 1955
2311 3372
3873 1083
700 87
3162 1894
1760 1586
2945 3691
1740 992
3665 691
3640 724
442 2304
1801 3295
1030 252
1222 124
428 3330
532 2740
336 2233
389 453
2599 1275
3 3921
1494 537
436 1210
2018 765
394 3314
2956 2778
3334 2672
3325 3705
847 3174
3711 117
1116 1438
1247 401
3494 1808
1895 109
763 3476
1496 3325
659 253
1422 3830
168 2981
875 2761
2678 1380
2741 3829
2562 2038
1684 135
3039 3729
1635 2275
3027 300
1318 239
2139 418
3911 3853
119 2933
1386 303
3437 249
880 3261
3281 522
2894 1311
52 3453
3384 1215
2781 1503
2228 33
1357 3403
3241 2623
256 3450
1444 3507
3656 2195
3306 732
3112 2948
3608 1778
2630 2417
1643 1683
3341 723
485 791
834 1945
3892 2845
1252 1057
3210 1674
2570 2690
438 1275
3384 876
862 781
4027 1605
524 454
3415 2962
2431 3861
3647 3243
2534 1342
311 684
2572 2074
3046 2095
476 2294
1232 3190
3879 3415
723 3354
3849 2396
3389 2510
2046 997
3087 739
3546 2943
141 927
124 1258
3072 602
1528 66
1340 2717
915 3792
1650 4026
1415 3545
1994 2898
1036 1331
2856 1814
1084 3862
3939 568
856 3938
742 3593
182 3365
2848 1194
3270 3931
2038 3205
1359 1164
1190 670
2706 1037
785 2406
3040 3341
584 3013
1870 2690
3440 654
436 2346
108 2461
2917 2437
2381 475
2105 1522
3792 2927
2884 138
2256 3212
3757 2938
1486 1639
1771 3337
1251 3573
654 1515
551 2491
3995 1119
981 3889
16 2853
851 2786
3237 168
3821 2513
944 2120
1062 2002
3947 1784
3101 3260
1444 3882
2353 2820
711 1530
10 3280
3099 3519
1625 2754
3770 2650
125 1907
3065 890
3722 60
3066 1375
3772 3945
1925 1003
3859 2262
1635 646
3560 3946
1974 1149
2073 371
3327 2000
1204 3795
2094 3475
188 2066
90 2836
3398 2442
3645 2851
2457 3252
106 3049
1901 714
274 770
2134 3450
582 2278
2827 1128
220 1551
2235 877
2793 2188
159 1767
2694 867
3690 2574
3817 1148
3661 1802
2002 1179
3819 1965
2503 1437
3513 87
3007 184
3678 3917
3633 16
3942 3971
3790 819
417 1992
2704 1160
2742 2994
3131 346
2345 3684
1051 3513
1623 1769
2595 1731
1250 3517
839 1334
1153 1424
1494 1763
3004 2474
3861 1156
1063 256
3112 1148
3321 3443
3990 3917
1303 166
405 3241
1558 766
323 664
121 2650
2977 1584
1621 2080
962 1713
73 2341
2979 481
2564 81
1950 3534
2584 579
2678 2878
2563 2614
1126 811
371 914
1686 91
2063 2558
3018 3957
3018 120
2961 2761
3311 2947
2672 1094
599 46
279 390
1436 2399
3902 3526
3934 3836
2792 4011
3700 2099
231 1586
89 1133
55 3864
3759 132
810 3824
2245 27
3864 281
3348 763
1585 3359
3037 753
3213 80
3622 1245
1076 2332
3790 2498
3141 1854
1996 3682
3625 96
802 3898
2866 3091
1424 1954
667 1406
1111 3219
3271 1107
1928 2410
2333 2105
3 2828
2560 334
2615 1739
1539 3305
1234 903
1434 609
1849 1475
963 3038
3338 2143
1128 748
3360 1847
3666 1651
785 2749
1126 2057
3114 2606
3676 892
2966 3410
2345 892
1611 3266
201 1396
2712 1183
3214 749
413 2661
1716 744
2778 101
1269 4013
481 831
3859 3283
2307 3357
1526 1344
1662 3317
564 3530
1553 2455
653 847
3646 1141
2315 182
3000 3065
831 2457
2608 3182
599 3037
2078 3359
1964 1875
2988 639
3437 440
77 3097
372 520
65 685
4029 3892
1138 2501
1287 2619
1048 3169
3114 1427
2324 929
2778 3401
3302 3178
2368 934
486 760
863 3108
1584 1279
926 653
2988 3479
3809 2095
1253 3344
2508 3995
460 2765
1801 2869
3971 1451
2168 3847
2128 1346
230 1706
3249 3349
812 990
2350 3184
4006 688
3393 841
2864 3284
2115 2983
959 2494
3747 124
883 1527
2379 508
3043 3947
1587 3659
552 2678
4023 2531
834 3401
3864 1570
480 3602
2060 1609
502 968
1843 2632
1371 343
3811 3253
1571 3306
3808 2495
824 3880
2452 1631
3728 2932
2031 3857
2476 3994
633 1643
285 3778
957 343
3026 2244
1267 2228
323 3551
2278 1650
2476 2638
150 1304
2503 387
744 1795
4013 3649
986 694
977 1637
485 1394
2539 8
744 487
619 1351
3777 480
1225 2652
3401 1235
3226 1993
1149 2610
3886 398
2018 3144
3598 3226
2219 331
2313 726
566 2555
2155 228
1375 3029
575 1829
1693 190
808 3987
1110 3811
1316 1952
2856 2158
2804 235
877 3944
2461 819
145 2916
2369 2073
1366 701
2783 541
235 69
3519 2966
2214 1531
1754 3366
712 296
1942 3312
302 2272
3358 3814
1623 2319
1599 1178
3222 1546
826 2777
806 2402
1786 1990
3286 1614
2535 1337
1740 339
2667 1248
3715 424
3920 716
2531 482
392 611
744 379
677 314
3390 3757
2581 503
1908 2593
4023 1059
2089 185
2893 1631
1018 3017
1154 3038
310 1045
1156 3560
3528 1681
2393 1121
1392 1742
3237 3661
2491 3960
1626 3443
1902 713
3570 4019
377 3314
3742 663
3856 2720
3931 414
4019 2201
2587 4005
1517 726
2298 1214
2996 3385
2665 1017
1163 176
101 1239
3499 520
1155 1468
1989 3009
1938 1330
1932 273
3692 887
2659 3608
2702 2440
132 1398
3516 254
3415 2644
1974 2577
1252 823
1633 2393
1882 2987
2845 1643
3409 3899
1031 711
1303 2458
1851 1529
53 670
3524 351
1098 2871
1082 1955
4032 3782
3349 1522
2764 1028
3971 1412
1695 283
1575 936
3009 1377
3609 3388
2718 1064
1055 144
2112 3520
3455 1442
1965 978
3496 167
2966 2421
2096 2731
570 1467
367 463
428 3942
158 1102
1358 3007
264 2383
1326 3476
391 1492
2578 3167
115 2918
1849 1420
2875 1960
53 2358
653 1550
3059 1943
1654 1739
2055 2815
105 3466
3535 1737
2505 3124
3181 515
1117 2433
3446 3166
2685 3182
1408 3694
2185 3169
935 3344
503 3352
2626 2882
823 1284
2284 2902
2118 3772
3398 1757
3666 191
2087 829
3604 650
3662 2873
369 2904
740 3992
3029 3805
3948 3901
1608 65
127 2870
95 1661
1956 1171
2393 3104
2853 2700
1014 3403
627 1692
1510 2862
2898 3275
2438 2699
1316 3281
2805 200
2710 3755
2262 2650
437 2327
458 1290
204 304
2871 2444
3357 3530
452 3454
861 1182
3091 2272
1445 3993
3093 440
110 1114
2103 3951
1343 3274
914 804
1601 1482
3784 1784
3034 2342
2024 2348
559 2196
2137 2827
955 609
3205 64
2323 3701
892 578
3511 552
3703 3434
2574 3118
3874 1446
3136 1147
1322 975
4025 2272
675 396
3125 242
972 1129
450 1335
3777 1550
2773 2952
1876 2113
2998 1945
2795 3428
144 348
195 3887
3823 1425
1519 61
139 1379
2418 3170
740 68
3448 2292
3316 1155
2640 2162
2024 1704
3152 1841
1764 3031
882 914
390 2632
918 3795
1494 194
291 3600
480 2262
2548 284
3752 1770
1700 3319
2616 2106
1983 2322
643 1518
2576 847
1653 2363
1352 1425
262 1324
1143 393
3861 1701
2510 864
1788 3326
196 1493
292 2072
938 255
583 2108
2026 1140
3799 209
814 108
2266 2536
971 1039
3193 1761
169 3266
1645 1833
77 359
3180 3205
1272 3560
1290 1256
173 2995
213 1340
701 88
1087 3662
3333 1595
1733 3118
3635 972
3654 1796
2709 2065
4006 1687
2609 4034
2090 3451
3731 1053
4000 3357
91 25
2692 1052
2393 992
887 1090
1032 2621
1139 637
454 695
3787 2658
3161 583
3768 2197
1173 3079
3966 3922
3975 410
1886 3200
2407 3795
3245 928
3045 274
290 2361
3153 1797
621 2872
1023 2031
1966 3058
3975 817
1112 1226
3723 1543
893 1901
2606 518
1154 412
772 2075
250 2393
192 2267
1436 2706
2951 890
187 2276
767 3549
2782 1829
366 2753
3637 2864
860 1611
146 3017
3881 662
2246 198
2732 1075
904 1250
42 2529
1656 2054
114 355
3965 13
2274 412
64 2114
196 2359
2040 1929
35 2223
645 3569
1767 432
2715 727
2083 885
1382 3079
151 2798
3068 133
3612 3420
20 2486
2163 916
102 3341
2772 1770
1449 3275
1275 43
1602 3030
2468 1828
1933 3432
3558 3771
3233 1422
1392 1745
577 1958
3066 2322
611 937
1997 2760
4033 515
1942 3192
1158 1731
1296 201
166 3057
1025 2450
3476 3669
1844 3155
217 3202
714 3094
2945 3654
3500 453
3239 882
2569 1667
545 692
3043 290
3013 4028
3098 1106
1158 2244
3946 453
1158 3679
35 2110
565 601
474 2097
1013 1092
1712 1304
71 902
972 568
1556 2982
825 904
777 2916
3808 3955
2698 2094
1119 323
2645 3563
3989 3234
1522 2462
1109 681
160 3298
878 2556
3502 651
3863 811
24 606
2844 3188
2940 3080
3912 3344
2149 3461
845 3088
362 2160
2006 2695
3545 215
117 716
223 3542
527 3042
163 2234
2326 3362
3516 2554
1329 1534
1202 338
1287 57
2876 460
3712 2741
3122 2041
2556 577
2383 1381
3270 1201
1416 880
2003 2862
967 3094
3714 2554
286 1831
2416 3908
1914 3292
1843 2531
1905 1462
1378 901
2325 592
2887 858
2027 2076
1743 1272
1910 2108
235 3283
735 2765
670 442
113 2740
3181 1038
3512 427
3986 1233
1398 3405
675 558
1009 840
2690 3752
1878 3847
1855 475
3901 1267
3898 456
2617 3445
413 645
1731 3669
3099 2425
704 74
2580 3802
3603 2177
625 3567
77 1804
227 1245
66 2678
3854 2506
41 214
673 578
1639 3847
3153 499
1121 3306
1156 550
1270 2075
3112 2532
2761 930
1223 3835
342 1875
2853 1721
562 3012
950 88
1739 508
236 2990
3029 3698
53 376
569 2326
503 170
4031 1476
200 171
1339 816
2509 3748
1082 1106
606 3303
622 1582
2106 2182
1649 2058
188 409
1628 1894
7 1788
153 1
1973 2668
2373 3423
2622 2120
322 3327
616 795
3518 327
2911 3200
2066 2328
3820 2939
3100 1339
1150 107
405 3282
2258 1795
2263 3718
2230 1240
2365 2208
925 1699
2139 1022
1021 2346
498 1595
2677 2513
2089 1715
3721 2017
3881 1471
4011 1919
2007 3134
2632 2260
3618 1344
1148 2142
3944 939
3128 3330
26 2007
3281 2544
848 879
1536 2713
1222 2152
2072 1447
3598 489
1322 2847
1511 3470
942 3306
1258 3930
4033 3268
2506 2090
3452 1745
4002 593
359 2480
3833 206
2823 279
2718 3454
4004 3566
2162 1656
2750 2282
1140 1204
632 3691
2624 3142
3115 397
3113 2297
495 426
1638 3674
400 1167
2502 2905
102 79
2850 3474
992 3816
1637 1136
3184 1969
719 861
1903 3786
3789 613
127 3022
2939 687
2116 2941
132 414
2405 565
1552 3686
744 3452
3981 3632
1048 1922
3813 3076
3445 4023
1831 1611
1812 3023
3553 1950
2236 3745
1171 1910
372 3167
361 601
463 2820
2579 2599
3875 2550
1674 1675
1806 2180
4008 2065
3234 3562
2343 1062
2906 2203
185 2271
3212 2834
565 2033
139 962
3605 2756
1277 4013
3867 3070
2590 1544
1856 3878
1160 2583
413 511
3249 2804
2364 1977
1894 1091
3113 608
2298 625
374 3619
3353 762
3823 1748
631 2889
1006 1515
3313 1937
1347 3644
2883 1745
3740 2891
2993 3592
3457 3451
272 1966
2996 2690
2171 1471
3128 1711
3410 1889
3820 1733
521 3351
1768 629
1181 882
540 3419
2044 1596
1845 656
4038 1868
1840 122
548 3156
2893 1589
2710 1899
1398 1367
904 502
1685 1406
426 3618
2440 653
417 1145
3027 2155
2266 814
3697 1035
1339 1411
3909 1715
2041 1148
1866 2768
1023 2231
1012 551
1198 1882
3713 2482
2568 3172
3256 2224
3145 91
2337 2514
3995 3706
77 2163
1514 820
154 24
334 1082
703 889
131 653
940 1809
1072 3875
1835 3204
767 2825
3739 121
407 1631
1915 751
1357 1566
2545 2756
3268 3479
3624 698
447 1024
3117 408
1650 1299
3918 429
1020 500
1263 1123
300 2315
2313 4
3559 744
3172 3234
3889 2168
1654 1641
3968 2294
3174 1602
1197 1083
961 2597
3624 416
828 1517
1055 459
778 3899
2473 586
3361 3203
3599 201
2723 760
3599 2944
3044 606
989 2234
3542 2356
3718 615
1942 224
1282 3295
2782 2214
3243 55
474 3918
1586 2636
860 509
1090 767
1279 3528
1733 1348
2194 646
314 3351
2039 3682
626 2774
2857 890
437 566
3551 1301
4013 151
1637 643
3066 1953
345 3820
1913 384
3421 2827
1997 2
340 366
3548 3218
2369 3499
3831 1529
2145 2525
992 1599
1392 3512
2526 1473
1825 2369
1230 2953
2580 926
2306 1009
3714 476
293 2110
445 2022
2195 220
3955 2190
3560 2616
567 1651
2986 29
110 733
2576 228
2652 3255
1855 3970
1343 2314
975 3728
956 3178
201 2419
88 1036
2576 3119
1323 408
1994 3235
287 773
327 2516
1516 1019
3641 2976
1890 316
2970 1425
2717 3116
2346 3525
1043 2849
511 3204
1073 2443
1546 41
1834 2305
2389 3608
71 3449
1875 681
3759 231
1337 2226
2440 3035
2846 251
586 1142
3983 384
2554 176
3555 849
2239 2498
2181 2683
3779 2919
3618 1445
3316 2595
1635 869
3916 700
3034 3705
3127 519
2665 2244
626 787
1292 1535
1188 2076
1754 2900
2672 2627
2432 3597
2762 3780
1716 3145
3466 810
672 1873
2936 3341
3496 2197
3613 2318
3427 3539
1999 1087
59 2849
3136 1520
1702 3784
2150 2396
1573 3821
2937 2387
1400 1362
1427 3616
2856 2962
746 2984
1652 3766
3472 3182
3251 2578
1603 4027
2643 1732
950 398
3023 869
410 3034
3474 1539
2570 3858
1535 655
2739 2749
1430 2798
2177 2748
2798 3649
3764 3427
3443 652
811 1461
827 606
743 3603
962 3844
526 218
174 110
2741 2962
3515 900
972 1405
1877 2392
981 549
2158 1986
792 1553
3088 2231
1354 3337
552 2299
1670 488
3368 427
2391 1017
1042 1634
2965 237
105 1969
3763 198
3611 1595
3266 3695
265 493
336 524
3805 3698
724 1430
3627 253
3724 281
1121 3802
3502 1623
833 2285
3109 177
588 2854
1278 737
3157 313
1147 3128
3092 472
3908 1298
3511 829
3861 1876
1692 482
2278 2576
2039 2566
1940 2732
3368 210
740 128
3856 137
1149 2663
3386 1274
3735 2122
1266 1054
2031 1551
3471 459
1814 3605
3634 3272
1283 2729
3812 2141
1245 3482
2312 449
3159 3867
1438 2477
3722 1293
473 3418
2412 1215
3403 3476
666 2776
2483 717
419 2790
1894 247
1045 2215
1695 878
3588 24
3914 700
3288 492
1671 35
1062 1425
1750 337
33 3737
3153 1264
2721 3888
3265 177
709 2656
2489 529
668 1370
1824 823
3890 1950
2461 788
1354 3962
2092 2399
3931 2469
558 3293
243 2479
773 38
1161 3274
997 1972
1965 2981
629 1385
2241 741
186 1743
4001 2085
2344 2316
391 940
1837 2593
1922 899
173 3205
1074 1934
24 2043
202 3329
3252 1593
2490 1168
3662 1914
1305 2508
2483 3104
3104 57
2430 188
1001 3832
396 3191
3860 3883
2903 3695
1707 1182
2688 2146
3687 321
2409 1324
3587 3415
287 1512
1620 3781
3383 1305
1722 2630
3986 3055
2342 1372
2534 995
665 1883
2809 75
678 3328
1705 1206
2085 1373
2718 2677
2561 861
961 183
439 1810
1997 293
1565 1758
1734 2562
784 2205
2185 610
1566 1483
478 3601
2889 1169
530 968
1350 1422
1895 235
3109 2149
3213 590
2747 1964
1734 1484
4000 666
3111 1878
3353 3059
372 2885
1334 3628
3215 2208
2317 3707
2758 379
3318 1287
1277 2113
2217 3743
870 3367
2215 3435
3896 2005
3005 115
4026 1360
1488 1448
2677 857
2728 3547
3359 3287
2517 769
1141 2932
823 1281
976 3418
1218 3183
1765 1203
364 288
3766 2252
597 871
2083 2688
2331 2284
1903 1069
615 1219
2802 3157
495 2598
2000 3961
2763 2469
1326 3789
2843 170
1403 3361
1600 2254
3420 552
1115 2823
777 3450
2954 3154
2143 2066
2091 1627
3355 4005
2577 2397
3671 1557
1137 1844
672 1904
2161 3505
2206 34
2159 3343
2258 1903
1603 2737
2562 3097
1146 2640
2754 3198
1110 1805
1893 440
3607 3597
1688 3995
1616 3783
1765 1054
214 247
513 2885
2367 1656
3726 2609
2785 1908
115 3706
3760 3392
2994 2394
2298 2899
1743 1535
3641 555
429 2360
3618 237
1958 1022
2265 3511
1492 2109
583 1865
970 3660
2204 2257
1911 2169
1271 759
3658 1381
2453 1649
2649 3645
2355 623
1253 2102
2465 994
2036 233
2498 843
278 598
3463 1869
1321 2535
3347 2591
24 437
3469 2884
1722 3202
66 1536
1398 419
956 353
1767 1814
2842 4
1164 235
3629 790
3495 3297
2412 3943
2614 700
1794 2782
2184 3107
2539 500
3330 20
2398 844
2447 1205
277 3155
2449 178
3368 1835
129 556
3815 1500
2994 129
67 2813
1567 341
1198 2164
3524 3588
253 1309
2965 3320
1716 349
3121 3753
3428 488
400 2067
1779 3969
2252 3392
942 3260
3820 636
1127 36
1278 2764
3583 3349
2198 3955
1287 2174
785 3282
115 1852
3713 806
526 30
3064 2469
1015 316
3792 3996
958 1183
1505 3154
27 1246
2248 977
301 2821
15 1130
2307 2183
1536 3626
2821 317
1887 68
1729 1607
640 2450
986 1743
1782 3738
615 3208
2200 1705
483 2498
3930 1089
2243 2185
2618 3947
506 265
3808 466
722 593
3808 1086
741 1929
1508 3592
3281 2295
1514 253
700 825
2068 750
1553 662
256 3070
3297 1617
3298 1971
2254 229
402 1816
2573 2136
714 2832
1827 3831
2936 218
2462 1744
947 1634
526 2697
3025 3890
817 1519
2931 451
1085 133
2985 2307
133 3153
965 688
3127 1214
387 1803
2764 3666
617 413
3136 1200
167 3471
2674 1066
2143 727
1054 954
929 2746
2945 1580
1295 2843
3959 1983
3922 1368
3561 1040
2351 2075
2419 1063
165 3789
3945 3051
2404 1990
1499 3283
2123 2513
1332 3509
2317 816
3587 1391
1384 1353
2608 3632
3063 1579
1970 320
3908 3885
1370 2711
3114 3390
334 1828
3763 3843
1187 2832
151 2143
3015 69
1598 2131
1663 338
2224 2343
1637 2832
3940 1482
1283 1289
1343 257
1335 821
20 4023
1427 2598
1527 3151
2752 338
2278 3784
1807 3841
2307 3702
2054 1773
2510 2235
2204 1937
3594 584
1945 1710
1581 2744
826 731
1895 561
2288 2137
2360 1502
1644 375
1392 3891
760 265
1796 1201
2495 142
3916 455
1844 3717
2179 1230
298 3882
2160 429
1801 2294
3590 831
2870 3524
2978 802
136 2999
2161 1711
197 2425
1726 7
432 3592
281 544
1838 3568
1039 2941
1323 1236
2692 2291
349 705
1166 882
2218 3445
2719 1201
2546 237
1158 2681
894 1897
3893 3161
1633 1817
1281 1835
3152 300
1003 2832
2029 3955
1291 1336
1734 1960
2493 68
115 1459
2565 2427
879 2364
3020 1253
1424 3084
3528 81
1737 393
998 2334
2861 1788
768 2723
3723 2157
2305 1458
1757 789
2680 2049
351 2958
3931 2567
2189 460
1424 2899
1326 316
1672 2931
3302 4027
1176 2865
3635 168
2893 2128
432 3840
826 1925
3361 2191
3611 1381
2593 2229
2877 769
3187 2832
1470 2561
3985 1426
1968 11
2610 2253
137 1721
756 2638
2577 437
853 292
2102 3254
1424 2070
3016 2039
269 1646
3096 3939
1043 2913
2139 111
235 755
2990 3329
2323 2916
3379 695
355 2022
1691 3252
1336 3579
3451 3624
1493 3010
767 1907
2521 436
2037 2581
318 1085
2128 2446
3911 4027
1609 2556
928 3663
539 3360
3435 909
586 532
2146 184
2508 3122
2995 2430
936 182
531 3975
1583 1997
2784 714
940 1823
3333 1926
1200 1281
2930 1305
1669 2615
2721 341
3576 312
2640 3831
2591 2510
3235 476
1739 3436
1612 1327
2385 2111
3503 1107
1553 3403
197 998
1349 1874
2575 2265
287 1431
2346 313
758 1701
2778 123
1273 2267
339 221
2560 3615
761 3657
3566 388
1545 1883
3271 294
557 3226
700 406
1706 937
3258 1542
504 818
394 3040
459 3771
2792 600
1815 1138
210 357
3214 2249
1155 1616
301 394
1882 147
3743 2367
3578 1787
2309 2564
2142 3008
427 1133
3640 3065
3292 3642
2852 2091
518 1704
1150 3484
936 459
3302 2797
2994 3704
1794 255
2416 3321
2332 3683
857 3725
694 1411
393 3224
3761 167
141 248
498 1947
64 3323
3382 1942
3686 2057
2938 3520
413 2871
1051 3789
3679 874
127 1870
1902 3547
3707 1369
1816 3772
3436 3853
1582 2828
858 2111
2888 3328
912 1180
1357 951
1544 1399
406 3155
2119 3871
196 419
1005 541
80 684
605 3965
957 2957
1257 2218
3754 2784
2962 1548
1135 2471
399 3676
2008 3802
1774 2683
2868 2596
732 2085
3734 1980
3463 2347
3498 2147
3064 2779
2100 2028
2534 1828
805 631
447 1140
1402 2163
2024 1140
3159 4017
3641 2045
3582 1525
1484 2821
3506 2119
66 55
3938 2486
2846 917
633 1013
2596 1207
3538 1741
1080 873
173 1336
821 341
1132 1920
2425 416
323 2550
3850 2901
1060 1441
848 3454
2048 1914
2195 1274
510 1824
3822 1061
957 1272
2506 3104
2131 239
2672 2862
1995 637
39 3779
1083 2709
1641 3273
2970 2250
1103 827
2582 1446
2734 3760
3222 1815
823 3903
3651 1667
1934 1300
2834 3907
3963 2570
3284 2812
2371 537
922 2415
480 3479
429 179
1073 2872
2330 1359
2307 2599
1755 885
2162 3742
3284 492
490 703
494 3452
1518 2479
1283 2693
1997 1742
2171 3514
1443 2813
118 1036
3535 1902
2764 2974
3939 3624
3527 3871
2853 142
3791 4037
3042 1029
2512 2738
1027 2557
1292 1166
1085 1476
3062 1077
3726 247
767 3977
1774 3709
138 1381
1345 711
2844 2928
409 1406
1110 3549
446 1225
2401 239
2140 1610
2315 1759
3555 2320
1574 3556
1955 3466
3185 3242
3180 1687
3389 399
899 3163
1619 1712
2727 2720
2224 443
2694 2483
366 2718
2871 2009
1549 2624
320 1582
3600 1419
3127 124
3765 1108
523 3086
2999 3305
1904 1498
616 3565
278 479
2584 867
3047 1797
3335 3451
2620 2820
3813 31
3154 3684
1539 3712
3019 68
2016 582
1497 447
2810 976
975 1648
3197 54
1363 296
2530 2496
1583 1446
3458 4017
3028 2898
3022 2893
3651 1317
2489 1031
2328 1339
1828 1799
1242 2241
3300 3142
1084 2566
2568 3208
466 440
2229 3321
3732 3230
1349 2172
1090 2785
2623 2379
289 1407
886 190
1793 3290
1924 1286
1964 697
460 1486
2416 1523
1130 2717
1279 2001
2204 1485
1761 1243
3814 2668
3796 1963
386 3359
1440 3166
1445 2723
728 505
1635 1841
1143 266
2146 3903
2261 1866
3336 910
2344 3223
963 3083
327 2580
3702 3025
2546 956
3126 3815
1 2124
3247 61
3762 1199
554 102
1923 3591
471 4013
3213 1021
1023 834
3593 2727
2344 560
512 3837
3028 2330
3374 3228
1611 2670
3001 2649
59 2978
905 123
123 2063
262 887
78 2232
1616 1363
1851 3354
2805 810
2178 849
2017 421
3096 128
1781 1646
762 3670
2773 2366
2198 2311
2023 1059
637 3760
2154 270
1437 1170
3969 1875
2033 225
3486 3187
144 1378
3632 1081
1494 1314
2996 879
2462 650
3835 629
2868 1583
2076 2290
2549 1877
3500 1964
1217 168
2820 2752
151 1852
1227 3378
3017 1773
2777 2288
1296 1532
3095 231
610 2625
1314 2159
1174 1650
3622 2482
2758 2399
1941 1889
854 1034
3260 2795
626 1568
3458 519
2536 3517
2446 2141
1514 2196
326 3857
244 3271
2615 3114
1472 1964
736 2979
3534 2538
2658 2253
3933 1012
3768 883
3105 3603
2774 794
128 2901
3307 1637
3211 1826
3462 2826
3761 830
3717 71
1100 2570
3575 1839
1714 952
2196 494
913 2830
1951 1992
1593 1577
3273 3643
3085 74
2341 1853
3062 3983
3703 2653
2746 3134
3270 1963
1485 982
637 1527
142 2728
3359 1955
2302 1203
3921 3724
2010 301
3552 1776
1396 1334
2653 889
3801 811
2227 484
1126 1852
3400 679
3798 3919
3467 2916
3871 3557
157 2455
155 3547
2024 2406
1414 1915
733 3077
2746 2782
1147 859
2350 1147
1860 329
497 1180
3768 3298
1241 2928
1596 3837
308 1507
838 1813
3851 2891
3594 357
1754 3956
646 2625
2519 1247
2671 1068
2957 351
2848 2241
990 218
1730 3901
2656 2638
1699 1069
706 3291
2859 1332
966 257
2903 3798
14 467
3923 1719
217 15
1948 1073
350 3803
956 2370
256 1750
3803 455
904 3151
57 1638
3681 2544
1609 1122
2366 313
3666 4005
1752 1252
3069 2310
1096 3814
1148 3227
970 2397
1265 1377
3048 841
1272 2015
1878 2706
2546 2399
2112 1317
210 1527
160 1876
2549 192
2962 2889
106 841
380 1331
1085 192
3510 3593
3093 2805
4026 3981
1169 1896
3612 2786
3986 504
2027 898
1175 2913
3655 3440
2608 1454
2050 1767
3487 1717
961 1502
3322 1075
2562 147
494 1344
914 2740
1369 2306
3147 96
2845 590
2444 1950
3998 222
2921 2537
1090 1131
1471 1054
2243 1127
2634 3609
100 64
2659 3059
3103 2826
1372 3397
3156 1072
3310 2222
754 2018
1889 1927
2234 476
2637 3056
1610 1627
523 3704
2965 1532
84 1249
250 1950
2645 3785
1872 1268
3393 3672
3430 1239
1610 1303
1967 1812
3610 1224
3411 2873
2266 1695
1606 223
1637 1072
1540 1663
606 143
784 59
2869 3811
1770 694
1161 603
2280 2161
955 2590
3896 1433
1321 2755
2969 1149
1012 1426
1314 1394
3109 898
3280 54
2512 2269
3094 2864
998 984
1580 932
1042 1626
2556 3338
2490 2052
3910 712
1395 1212
1014 1256
3101 2489
2293 3057
2317 689
3658 1817
237 2360
896 2684
552 3163
3042 3820
28 306
2259 3375
429 2895
748 3024
2274 1539
2846 1091
1132 1369
1115 3069
1516 1222
364 946
1064 3119
3849 777
2132 968
3728 3778
1062 956
3146 942
1238 2248
845 2065
3553 2236
835 2660
2366 1626
1544 3539
2075 1348
3248 1132
772 2104
440 2542
2373 2104
3497 2879
1607 2563
2421 1718
1690 3040
1209 2521
2424 740
456 567
910 1429
2061 742
506 590
549 1552
1370 947
3275 3936
1447 4016
3102 3408
793 1236
2419 3718
3557 3917
716 2852
3185 1498
2204 2065
599 1249
3431 2707
498 3923
1198 3779
3427 1170
2460 2321
2739 2342
3568 2148
2186 1975
2686 2433
2138 2551
2304 3030
13 648
2149 2568
2480 760
3134 892
1445 3347
3234 3641
3937 2912
3441 3364
2738 3436
3519 2975
67 2646
1809 2735
1406 680
3395 3061
144 2321
1475 2859
3452 2067
404 273
1066 3748
3696 2053
3331 1070
3002 1620
1013 2817
2225 1342
3355 153
947 1465
348 1719
86 1281
3577 1242
3444 1315
1482 989
1865 3719
1264 531
3342 567
2324 1551
26 1379
564 3999
196 3914
147 3114
762 2122
1155 52
483 391
3814 1718
1724 2535
1022 786
3703 1771
3227 1715
3937 2117
632 3750
341 2978
3555 2867
721 2665
1959 28
253 1107
2630 1016
1356 2535
877 1320
2626 1050
3692 2965
3542 2629
1791 3211
2146 3159
2763 2251
252 1806
184 3474
2938 1353
2000 3549
308 2701
409 3001
352 3695
3982 561
346 2843
2653 999
324 3974
3412 3709
1577 3605
1627 750
1174 1701
2087 2549
3800 69
1356 2438
3294 2367
3950 1070
3535 1907
3390 156
3185 1482
2948 1593
1691 3570
1123 925
1242 3773
3057 3660
3344 3329
3816 3730
986 3820
1636 808
1344 2939
1026 611
2419 1154
2494 2717
391 1986
3792 2964
3360 3792
3562 2846
2298 2986
1878 148
3724 150
1864 1117
273 2970
475 1067
3308 1017
607 76
1012 1263
1098 3547
1422 1795
978 288
938 3648
1897 2176
1402 3259
1710 2036
1984 3909
1006 2838
3953 3611
3195 4028
3486 2851
677 3153
2386 1700
844 3268
3171 793
3904 2015
2309 3857
1884 3064
756 432
3416 1214
2684 697
2389 3148
1292 500
137 634
2696 3922
2295 1166
3234 388
1979 1571
3869 2933
2568 2
30 3121
3301 1465
3041 1165
1882 1257
2787 642
2268 2254
2961 2250
1764 3970
1303 2792
1071 3389
1190 1753
898 2347
2858 3962
2787 722
4000 2718
2476 3438
3167 2774
3880 3461
23 3533
2062 979
3249 2671
822 2306
908 2278
206 1248
1331 863
1886 2231
3708 861
1754 1315
878 52
1987 2475
1288 3256
2377 3005
2549 3635
3909 3155
3787 1023
1444 2725
2510 2206
3542 3215
1513 2563
619 2393
3925 1617
67 31
2506 2377
391 207
365 1788
2632 2264
2831 1437
3894 1900
3181 1575
4000 3036
1251 605
413 2808
1857 390
2813 1029
2000 3532
1559 1523
813 3216
2663 2299
1833 1467
1525 586
3827 903
23 1158
1720 2308
2018 556
1772 1963
191 1601
2998 3463
1171 1780
718 1517
1113 3016
1582 2528
725 1438
2411 2619
809 1565
3465 1951
2637 2587
1233 155
1392 2629
2682 667
1003 1506
538 330
2954 2203
762 3169
1790 1275
1606 6
1088 630
1741 723
2977 3416
3613 2746
415 2423
3219 614
3004 1282
402 3186
890 2987
2453 3732
747 2875
2658 3976
1762 963
3496 858
2579 2981
2716 3053
2446 2332
3999 1097
553 616
3714 2288
685 1878
836 1832
569 3998
236 3491
1587 3190
640 3013
1137 1553
1326 3365
2105 1134
4007 1171
303 2543
257 2786
3220 3812
2930 397
2180 1722
2532 3442
3373 1608
515 874
295 502
921 2579
3672 874
2275 1395
3076 2460
423 2461
3106 3888
1830 75
1345 2807
537 1826
1211 1377
2543 1509
2154 3949
830 968
2376 3460
3727 1573
3960 1102
2645 3269
2714 3679
1728 2998
3789 3406
143 3818
2516 3526
1742 403
637 971
1170 1208
2641 3723
1221 2955
2451 1775
619 1027
3727 2063
2798 1973
3592 1427
2822 720
2237 156
1589 731
2255 957
1685 1739
1711 154
3321 947
177 2596
3340 3659
274 2990
1689 2994
3258 2864
1440 1254
3120 165
1040 3319
3480 3696
604 3656
1670 3575
2622 3913
984 2506
2807 3480
2274 1585
3618 1405
2158 1814
978 249
3806 980
28 1439
3528 3793
3189 2092
2763 1515
2457 697
2830 3320
1689 1262
1428 1238
1303 3093
3259 2682
2134 507
42 1598
945 3821
652 358
684 4004
1337 3959
2996 3363
337 3915
2920 1518
3490 1291
4021 941
1792 209
2634 1364
482 3239
3514 2796
1774 1575
3894 957
3793 2376
1454 450
447 2625
509 2529
3740 779
834 1141
3877 2146
591 1614
2470 244
97 3472
1036 1626
2392 2551
1068 837
3459 2599
2164 2494
2318 597
2598 2359
1832 2748
1829 1150
3785 1627
1102 396
3349 2632
3355 2890
280 1116
2989 1647
1509 2067
4036 1964
2066 2600
85 3688
1583 2265
3066 953
2165 863
338 2774
1851 1185
3890 2187
334 1015
3730 795
1673 2579
2995 3285
1763 789
608 251
55 1346
3391 3616
1947 1125
399 1437
498 3396
1151 1301
3767 3702
1252 3138
79 3075
2304 2122
2080 3442
2595 3994
3034 3543
67 510
1487 1876
2744 2246
1055 2180
1044 2697
2069 997
3654 1517
2636 3016
3649 2243
341 1112
2471 677
3301 3892
784 3101
2880 1095
3243 1499
1766 2811
3407 1357
1649 3042
2510 2418
863 1747
2180 3990
2878 3821
625 28
631 1434
734 693
3037 3109
2286 2277
2914 2106
3386 313
3275 2978
3546 2693
2848 2488
3843 3547
3047 1290
3328 364
2924 984
456 3643
3037 825
2498 164
2706 2775
1581 3386
2265 2281
157 1983
2819 2187
794 3463
993 750
566 2863
1948 19
1350 2755
3236 1657
3106 3894
2178 1989
969 473
2237 1696
1599 3288
2592 1525
24 3186
3384 3001
3683 2092
3806 2503
1483 2408
2520 2418
78 3648
3398 256
933 2115
721 1867
2234 1532
3430 3461
2126 3797
2805 1579
490 1899
1108 2627
3348 3605
3672 2449
3077 1103
1138 2460
2352 2152
1717 1471
3837 3780
2107 1933
2429 799
2944 3106
1787 2273
1609 2999
1027 1080
318 211
642 2907
120 1713
2473 2667
2766 1253
899 3308
1798 188
2930 3249
2574 2352
2635 910
1910 1234
3107 532
3366 722
3803 1228
333 356
2270 1976
1525 1230
3808 1850
3635 1224
3903 13
1656 809
322 903
582 3700
2081 2281
2627 2815
2034 2253
1926 917
3323 3237
2067 910
314 4007
3543 1027
1711 2230
1300 2077
3063 3520
2327 2037
2207 3875
1631 1887
2950 1890
3518 3544
3682 3943
773 973
321 3463
479 2234
2820 2470
2284 2793
744 2990
190 1064
1861 2697
1033 3188
775 3102
3958 610
1574 1861
1513 3690
7 3607
2170 3961
2022 1501
3664 2427
3521 355
2497 2260
334 1323
3613 732
1079 1691
2904 3263
3936 787
462 2634
2843 1936
3201 1957
2825 3624
2253 1783
422 3233
2547 2936
1585 134
3025 3592
3132 2843
4033 3654
1955 1440
1660 3888
743 1686
1496 220
2477 1985
2029 2909
3395 3778
2059 1231
2609 3488
3276 2299
1681 2014
4033 3032
309 2146
1068 3549
298 518
2894 2621
436 3188
2357 767
1199 3605
1739 3429
14 2957
1950 2966
2154 2350
3908 2429
1041 1347
1413 1351
1397 1684
3653 3258
357 1721
2493 3741
451 3323
992 675
3753 2979
2692 670
3061 385
702 3950
1269 3472
371 2381
2525 3023
3670 3584
1344 3574
816 1907
3178 3747
2929 2173
26 2550
3895 417
3455 2130
1698 693
1229 1282
2183 1559
3160 1384
830 3191
152 3571
67 406
3834 1173
2394 1701
2775 1898
2877 608
967 1283
1406 2204
1651 2711
3227 2327
3128 2257
3097 2164
3423 2689
1486 2627
1048 3121
530 3902
2645 3591
122 3028
1842 918
2627 2868
3628 1959
2345 473
2761 1220
3939 1032
626 3688
3535 3727
2817 2856
598 1456
2786 895
3272 3597
1519 214
638 1847
3698 70
766 3648
2695 3626
2809 1376
2607 2494
1974 2461
2361 417
3237 2995
635 2714
1141 1453
3483 2588
812 2963
23 534
17 1843
3416 77
2561 1143
331 3223
3738 805
1763 980
3226 3909
1346 859
2605 2335
2413 2524
1997 2298
2176 3716
2493 153
921 1787
68 1034
2822 1887
2172 2534
1095 3293
2305 2348
3805 327
1426 2190
1293 2407
1771 469
514 1566
1952 2104
2931 2725
2944 837
2332 1557
3461 1646
1194 2247
3810 1809
3637 832
475 3924
3632 3175
2835 2718
3419 1056
2491 761
2374 1000
687 2848
1575 2824
2930 1806
1779 3464
59 377
950 1585
243 2147
2780 1010
3667 177
1540 3117
3861 327
3881 1458
3478 3269
2990 711
1855 3034
198 2745
1847 1053
3463 593
687 2278
1156 2108
1400 395
2412 2898
1309 2987
2153 3909
3932 3737
2825 3289
3169 1389
2726 3980
1476 2432
2396 3174
2811 2685
3456 1774
3739 1340
2288 1673
2733 3577
2926 885
1528 1412
2486 95
3356 2064
2660 2419
3002 2126
1953 2309
70 3362
773 386
1660 431
3682 2203
2344 2880
3445 115
975 3179
3033 2091
1004 1228
1074 277
3385 3526
886 2894
1864 1448
1656 1570
455 2365
1142 1457
3810 498
1377 540
999 68
3031 339
189 3571
3549 1279
1803 1728
3764 2251
1594 909
2684 593
100 3690
2092 492
655 2858
2206 1710
2359 715
660 2996
3160 2697
3869 2458
3562 933
3783 2899
1033 3894
469 3143
3092 1345
1631 1452
700 3591
1611 3514
3294 910
3105 2497
3339 2188
2365 2380
1294 1998
1748 1534
3441 332
2860 2798
2539 2629
1313 1625
3157 3394
1973 2190
973 1450
2225 2830
413 3536
1367 704
743 1429
3488 3060
2174 2665
1496 3358
2653 3822
1604 635
3672 3049
1423 3803
3671 516
514 3413
1430 384
2503 2031
3853 3963
203 1577
1585 1796
1484 132
3490 633
96 2185
3001 1139
2146 1468
219 1714
2280 1118
293 2243
1258 1120
184 1671
1774 2977
1209 235
3301 2433
3826 2892
2247 2111
3649 163
3003 3440
3875 2169
2266 2702
772 3975
3317 3905
167 2080
2072 741
3431 927
807 2077
1563 596
2544 291
2988 580
149 1009
3069 3093
1317 2977
1798 103
434 1164
788 3811
3889 2260
3790 3703
279 3859
1359 3049
3689 187
1867 2366
176 1952
3003 1843
3593 1042
2474 1231
1868 1521
306 2247
128 270
71 573
2302 1146
1630 2685
2684 1302
1248 2693
2727 1905
995 3640
4032 968
648 166
845 3470
2682 3314
2116 3982
3879 2938
3391 2947
3920 1389
2882 1196
2055 2384
2038 3265
1396 1535
1156 3969
703 350
705 18
3690 1701
2239 3222
983 491
1884 3132
1944 665
804 3211
925 2907
1319 876
1875 2126
1290 3548
2730 2536
2640 370
453 3795
2106 3834
548 1871
2629 871
605 3298
691 2531
899 269
3203 3005
2527 2083
1249 3596
3399 2862
1491 2728
2125 2060
1752 565
1921 830
1715 2243
2803 3876
3992 557
613 1928
2496 3285
1241 88
3548 3730
2429 1786
2492 986
3750 2739
3034 3153
1658 2831
2701 4024
699 3492
1273 114
2836 643
397 1435
2448 188
1688 1110
2378 1506
3174 2999
549 1743
3441 960
3570 1054
1861 119
2767 3952
54 724
95 455
265 604
2780 1283
2472 1040
2023 3209
2736 3763
3717 1866
2692 1996
858 149
846 2376
2508 866
1084 3867
52 2277
2254 2605
1960 604
2326 2440
500 3682
1878 590
2839 2589
3796 2552
3719 2847
1537 3511
178 3163
3023 2576
2745 907
2262 3410
2063 2627
1257 85
2928 2653
4002 2842
2811 1024
1828 3569
3981 934
2997 3413
3676 3310
3787 2874
3894 2189
32 1987
1471 3724
2246 659
4018 3402
1823 34
2732 2793
3573 2822
3557 1571
1102 1461
548 281
2710 2788
327 2657
1430 2880
378 3718
3644 51
135 2166
3044 1140
3672 2771
1216 1787
177 2135
1456 1493
3313 3817
862 1783
1878 2238
3242 3509
3541 2503
3496 3341
3252 908
3512 3005
1012 2940
1638 632
319 1423
3386 3201
1865 964
2351 689
429 2390
414 3346
2604 2625
3480 3530
3399 3179
2579 1726
272 2379
1164 1696
2954 3160
1509 880
3421 1640
2543 965
1015 912
1048 2003
1461 1818
3730 1311
1450 1827
1080 2335
826 1855
2055 3854
2714 3908
1090 3100
2752 575
411 1411
417 2687
3492 3815
3276 3974
3711 630
2313 1723
1344 3146
59 1510
3504 1506
6 1481
1448 1820
1998 1706
3416 2557
2604 712
370 3664
2716 2590
973 3392
201 2606
1447 3232
2867 1671
2762 2195
1806 1804
3511 2863
2090 303
1887 2148
665 2499
426 1466
2515 3461
3043 1837
1016 1233
2257 418
224 928
2853 3261
637 3188
540 3232
3516 1289
2910 467
229 596
3293 299
1896 1600
3294 476
332 2906
3714 31
1481 1312
34 901
2664 930
790 652
719 2544
2968 2713
548 708
544 1483
2187 2866
2157 3510
3773 2842
3908 2382
2471 1023
3612 3292
1292 3140
2852 3998
3284 1395
210 1945
3962 3353
3088 2001
3157 2280
2273 3099
2922 2792
2049 2331
1797 2720
3149 1801
4006 3324
173 756
371 3318
167 1321
2535 1072
1695 1314
747 692
95 1755
3308 2766
2131 970
1933 2863
666 2685
1937 381
909 1457
2919 1250
2874 2996
1153 2506
2864 347
3329 1704
2693 2564
1864 2952
3220 3498
2401 522
3630 1062
381 3035
668 2606
3916 2496
3977 1162
2924 1139
1723 496
1357 1357
3821 861
926 3922
2683 1330
774 3855
2805 3657
2455 1160
3767 2383
498 3292
1719 3908
3114 1359
2906 3438
1062 2781
74 409
1587 1755
1811 1423
3316 807
2253 2641
550 232
983 3880
2393 2726
1417 976
2516 1754
1049 1168
3723 2645
2915 2038
1640 415
2662 3850
1175 2103
4016 324
2038 326
2476 865
611 1546
3992 1772
1339 2945
2295 2355
36 963
4034 2645
777 3088
3974 2957
3421 1657
2060 401
2905 2060
3726 3771
3205 3595
142 840
3845 247
345 3153
926 2033
3676 126
2239 1999
481 185
3710 414
3821 1010
2517 10
2808 813
249 455
566 317
901 262
1342 722
742 2683
1004 773
750 3771
911 3770
2910 436
478 620
2121 2979
139 437
726 2527
174 3960
869 2188
2758 2674
341 2040
2785 1084
3620 2818
661 3586
2609 532
3814 3500
2605 2581
3334 3937
1324 3526
3315 3941
2922 1113
62 651
3913 2357
2343 2256
3984 1435
3288 3940
1098 2127
8 3512
134 330
1298 3314
287 19
3713 3411
2457 1356
700 3332
3353 3212
3218 2982
3519 540
1368 3779
3001 1064
2634 3470
2087 1327
849 2027
3729 960
3522 2084
105 2689
201 4001
3378 582
1361 2651
610 3936
854 1861
3700 1658
3571 1883
1945 2986
2727 3308
3605 3743
2176 1790
1246 231
3967 3563
2467 3329
1757 3663
3821 1419
3449 617
2372 3453
718 2158
2631 1735
2496 143
193 3911
3845 1538
332 3866
3938 433
3432 144
2539 542
1786 899
2734 2625
1288 2194
3007 202
3121 2447
1428 438
1310 2112
2587 3087
3528 523
844 697
2447 1175
1265 1573
3687 3246
1900 1811
2985 1901
174 1065
4034 3227
3034 1262
3731 2644
2437 1395
1078 3646
2670 2213
2168 4002
3408 1666
2861 3163
3570 3094
2833 3318
1456 1732
2553 1315
1437 2936
1473 4037
2776 2682
3582 244
1075 1282
3168 3730
897 858
567 1601
3576 1465
3376 3877
2304 3399
3210 193
2283 2268
3502 2793
442 930
4038 3934
1061 835
488 1338
2395 3355
2882 2916
2565 136
1766 302
1552 1169
3146 768
53 3166
2534 975
3514 1285
1357 3487
1017 601
2231 727
1273 3790
957 857
1024 3514
2153 2909
3695 855
2016 258
517 3262
1082 3568
857 948
1718 1327
3743 1649
1647 2300
2102 3466
3732 719
909 1902
3583 3353
2199 2451
3893 4000
3194 67
452 1816
2673 2345
2963 3902
3081 1550
3847 215
3983 757
2 2125
2650 1969
1856 3275
2621 2535
3050 3751
3044 823
1615 2033
936 3709
3568 1956
2257 3565
3142 1716
2252 2175
762 2384
2426 3537
1579 2981
1156 3979
3057 2683
2286 3976
2699 2878
3696 135
680 2147
2360 3029
1449 2845
2946 3200
1368 3576
500 2421
2318 2629
249 4006
309 3022
3308 194
1035 2817
3482 2886
1608 3919
3816 3337
2889 3903
4 3047
1891 1334
3380 2685
3413 459
1930 3907
1798 2154
2571 2833
1311 2036
3999 625
2644 1348
3159 2700
1234 3924
3381 335
1555 1812
2453 3135
203 659
3253 1267
3587 526
2272 1052
2879 339
724 454
416 477
3299 2045
3726 2748
1068 2695
2386 3374
3747 2779
3017 2796
3643 1253
1449 1203
3846 812
1844 1737
774 184
2601 1485
2877 4038
2102 3274
3572 372
2878 2242
1054 1869
3840 315
2848 2307
2392 1550
1063 889
918 1220
1227 481
1927 3756
1246 298
2418 2091
1186 2581
3308 1425
535 1709
3754 999
1517 3505
1637 2604
1930 689
2624 1668
3225 689
2757 3318
3321 3625
3279 3538
1114 1553
460 1103
1287 2439
3610 349
1443 147
934 2196
462 461
3910 169
3393 2329
1984 3383
2424 3093
3951 3297
1416 1534
2939 3997
2381 3245
1395 961
1034 2570
800 704
678 2726
1435 16
34 3078
3039 2685
3969 1549
1159 3748
835 3821
2415 183
3531 3267
582 3736
14 384
560 2975
3254 2426
718 3968
622 1494
3078 3155
2050 1076
3500 1727
2274 268
1368 927
3131 1385
3317 294
3002 3849
2465 1644
2427 3028
2155 2662
200 179
3473 534
3297 1076
1738 560
579 464
3190 3583
751 724
2310 2730
2805 2366
1582 1839
416 596
536 3860
3159 1606
698 85
839 2871
659 1362
2932 929
481 2120
828 1561
833 933
2907 1210
3466 1713
926 1535
341 3315
404 243
2313 2587
2603 1612
3146 2263
2442 3416
2650 2075
1929 1798
3350 2827
556 40
3595 3391
1908 2413
1054 1928
2153 2527
3519 1173
4035 191
3602 3735
823 2859
2349 3544
1140 397
1033 1047
2652 2105
745 166
3522 1801
97 2417
2942 932
2022 981
205 1905
3763 3489
2392 590
1698 3883
233 256
2497 372
874 3766
3962 1682
3753 3712
201 278
269 1720
1659 265
3264 490
1799 2711
2578 1672
237 2793
980 2054
1296 53
587 504
3936 3248
1301 1422
3890 596
1298 3958
1419 438
473 1009
1210 3926
2526 489
1631 3955
2183 2564
402 2505
379 3303
3679 286
246 2902
3386 683
1206 439
3099 3369
1849 1060
3263 1101
974 677
3437 1830
731 619
2646 214
2224 3748
11 1113
1730 3191
3840 3225
3955 1385
1172 908
2174 3429
2537 3504
1686 3467
2168 2229
1574 1162
2690 2188
887 3896
3652 2103
1372 2664
923 1010
72 1904
1685 2778
1260 1895
4011 3421
2019 546
135 1640
3124 3706
3133 713
3661 943
1301 3680
1558 930
480 3964
2746 1073
791 1936
3901 405
1119 2256
2485 2663
2850 1917
321 1451
224 2972
263 1076
1200 66
620 960
3511 3484
1605 193
2402 36
1799 1614
1651 64
3501 404
3750 2613
1801 2921
995 1196
3550 185
1902 1708
3839 1280
2223 3789
2924 1747
3761 3283
1932 2024
2580 3180
2150 2595
1160 1441
2867 3341
1057 1593
2658 118
3821 284
476 126
3450 3232
3952 1893
243 2930
2905 3539
872 132
142 3511
3366 3557
2339 3475
1770 2479
2253 2556
2877 788
2107 1413
1622 2491
3466 113
819 3847
3243 1192
258 1677
958 1268
1279 2667
63 1927
2892 1934
804 2373
178 3852
3306 3008
299 2301
2828 3540
1034 4028
499 1973
2521 261
1682 3154
3276 1835
3096 722
836 151
572 1520
2507 1225
1556 886
4020 121
34 1878
576 956
1012 629
1482 163
1961 3491
2471 764
1980 3173
1338 1237
4013 1405
2117 2840
3427 3291
3723 2369
1131 2145
3265 484
1696 2950
551 1093
467 2178
295 2990
1603 3313
27 2352
498 2372
2727 2848
1258 3314
845 917
3946 1035
510 2869
3888 1805
2724 1641
3714 2611
3986 2408
3431 2898
3312 1270
2244 1805
1378 570
830 39
1061 924
526 3928
2824 1572
438 3566
3558 2602
1638 2531
2140 3228
966 1660
2677 1900
2271 1851
2337 937
261 223
1808 1966
1746 15
3653 2369
2948 1172
3821 2991
336 912
739 3258
2596 1169
1017 1567
2962 294
3446 445
644 1854
310 956
3155 1492
2073 3253
744 1510
2400 3859
2906 776
3329 1149
668 2623
1758 3139
1459 3075
1099 1645
3264 668
1030 2848
2126 2021
3668 1828
2955 3884
2074 3017
1272 931
342 1062
668 3550
3342 2033
3730 3015
2684 1731
215 1043
1145 2295
2991 3727
3197 3445
323 1499
2768 3040
397 3100
1884 385
322 2838
368 1066
2261 3192
2497 1646
144 1142
861 429
724 2151
2160 316
82 1658
1882 3477
1604 196
2392 827
169 382
753 2055
2968 657
1502 2559
3328 1412
2298 1742
698 3679
1617 2705
3009 1151
2683 3456
474 172
2229 175
989 231
3876 2387
1348 3157
1801 3157
332 287
2495 2737
3239 1716
3777 1940
2361 1910
615 3125
3043 1053
1658 3709
209 1498
3573 854
3676 3964
1510 2100
2234 2217
90 1751
336 2379
4029 2584
2800 2198
2013 318
1733 1231
2908 1179
660 708
1671 1872
428 364
3141 3727
1592 3094
1347 1066
1649 892
2407 972
2955 2757
378 3639
1431 2668
1760 2337
1253 3621
2047 1081
767 37
177 2184
2405 860
3374 254
3147 1267
2774 3985
1676 2867
3928 3693
1354 3212
3336 250
1113 745
887 2352
1786 1689
1511 3897
2356 3795
2637 1438
1097 2003
3766 1260
2745 1096
3817 3486
3060 2819
1848 204
1226 3830
616 3895
471 1506
81 3550
3173 4035
1388 186
2079 298
2287 2846
2081 332
2855 2368
2137 3349
1164 3525
1612 1210
3974 808
2076 566
154 3971
1241 2141
1970 1477
976 3807
2483 2756
146 1018
2174 2176
3953 2109
1585 2125
2338 2537
1628 338
720 2557
4021 72
601 1211
3807 2876
2058 2859
2136 335
3191 3168
3793 4030
1920 3524
1958 349
2626 4021
3458 806
939 3906
1950 1956
3728 2911
2294 3410
1607 3721
364 3996
2907 3496
55 1875
3452 2734
1828 3042
889 3575
3560 2328
1713 3141
2534 1855
3135 3443
1985 3235
3983 2754
1175 764
2248 3912
3692 408
2357 1989
15 3717
1218 792
2120 1644
118 1487
3523 2075
3341 3079
1652 3282
3951 2091
942 2874
1335 130
132 871
2258 2893
3161 2469
3115 3426
2735 849
3402 320
934 2294
245 3847
3555 3453
1635 3752
3565 3624
281 950
3801 873
2604 842
2289 3825
1342 1659
2032 2114
672 3550
3370 599
611 850
113 3242
2774 3740
373 3886
608 392
1126 2645
3948 2682
415 3108
758 1152
1347 436
134 2177
999 260
971 2715
1721 3616
2536 527
1814 1254
2295 1679
3248 195
289 123
2008 3977
2303 2371
923 336
2559 3050
3970 68
2054 851
3147 716
1558 979
3918 2201
917 58
141 855
1312 1671
2649 2260
3426 337
1743 3259
1341 2727
497 292
1020 1025
976 2149
3730 3357
392 2164
3758 1936
1689 3277
3951 3084
2011 1427
3294 3774
115 731
2869 2524
3695 4009
3175 2451
3124 1486
2771 468
3670 260
266 513
3230 2345
498 2994
2943 1065
2291 2779
3795 1465
4031 1430
2745 2022
3242 3539
1880 1390
2018 3392
1002 3540
1896 2354
2547 2716
1680 362
356 3933
2766 3279
1201 2462
3194 890
3882 1365
1168 2483
651 258
880 658
2177 1025
3167 505
150 1651
2701 436
1280 832
3877 1802
1147 932
1140 1570
3834 2015
3 3076
2448 3304
3819 3385
2892 3123
1024 333
3807 3402
3262 561
1673 3586
3898 2411
750 1130
2790 223
843 3004
2122 564
1631 3124
2020 836
1865 3884
1941 1921
125 324
1842 3394
2854 3349
1830 929
3053 1115
114 2305
154 386
1006 755
452 1465
1798 1651
2477 3004
1291 2508
340 1953
77 1217
3696 294
3111 3940
894 2766
1140 1442
3299 816
331 2082
1894 2033
1162 1178
2929 1432
3890 2067
1730 485
1907 1284
3806 2635
3093 3310
3056 1038
2561 995
2765 2643
1025 1868
884 363
3261 3299
1784 1439
1549 3771
3422 2630
1828 2622
1294 2577
1568 2426
324 2922
2356 416
2282 2678
2112 2738
2769 651
1794 32
1144 1858
2998 1368
584 841
2241 1182
1350 1453
1117 2934
3379 3802
256 2885
3121 819
837 437
2085 2138
3317 3749
109 3615
126 62
3878 2120
3263 1900
1508 2644
45 2682
1320 3499
2398 1877
3865 4
811 2743
1189 1106
2573 2265
189 1793
1669 475
3760 2126
2798 586
1590 375
2152 967
1564 285
3208 3046
612 1616
1868 3419
3419 3482
110 3547
1510 3060
3231 3395
2144 1222
3666 921
3734 1714
1814 317
467 464
3746 814
3808 937
437 172
400 3915
320 784
497 959
1153 826
1813 3427
2051 1284
167 3918
2729 3870
1603 3818
3431 1141
2675 771
1310 1307
613 3074
436 3437
79 2114
3762 1464
65 1301
2855 3371
123 2708
3211 3939
2698 2621
3269 2670
451 826
1415 1795
2177 2178
2962 892
2951 1725
2759 2058
3561 1285
1514 2649
2352 1796
3552 3304
3825 3021
134 1942
2860 3536
2022 49
3709 2854
2846 2506
3185 3776
558 3768
855 720
79 1727
3028 2424
3573 2722
2911 803
320 2453
655 10
2231 638
3272 3070
2565 1890
3177 1114
1789 3897
299 1095
633 3804
3552 1750
3704 3448
2260 3379
2162 3069
2917 3011
2384 3664
1243 2557
1066 2820
1581 3319
3537 544
288 2595
3392 3401
2013 1984
1488 2009
833 2928
508 1600
3732 1253
1291 1121
1749 3483
496 3197
2325 3401
348 1159
2198 1458
447 2223
2445 3747
585 1701
745 2225
757 3540
1209 224
3880 1412
494 2705
3446 1330
1301 2721
3999 992
944 517
2 879
2459 86
1981 515
1898 3481
428 1732
1670 2331
1527 2005
27 1155
700 415
746 3405
3036 3065
3558 3660
3613 3065
800 1680
1743 484
1299 738
1547 932
2354 3262
3164 2220
181 1091
2660 3166
1137 2546
3207 2775
2233 2271
1289 1148
3226 2730
1222 3668
3985 2395
1457 1195
2710 3029
3787 298
3727 3333
617 3890
2049 170
2677 963
1035 581
3453 3066
2987 2501
1460 699
63 2567
3736 314
1648 666
1409 207
2572 2734
2 2186
3672 1214
2294 1206
2078 1399
3499 2539
2623 2854
759 1577
256 2766
1794 3649
3391 490
2559 669
3430 2043
1349 738
1336 2571
1992 1704
273 1318
2764 1293
3881 497
2622 2765
2246 3753
1064 3838
1160 1645
50 4012
2361 3393
1265 2759
1787 75
3805 3717
3575 239
1037 3001
504 3450
1598 899
579 2595
2296 663
2794 4009
1370 3891
2045 3421
2519 1719
3823 2990
1178 3045
815 1634
1009 73
952 2746
2185 360
620 3912
226 2518
1730 1911
1860 838
4024 3062
4002 1046
4037 2154
1420 2027
2602 1269
3063 2049
2329 2303
2212 3096
1198 2083
678 2584
2994 1139
886 2811
1604 3818
3452 855
55 2233
606 232
1850 1182
2243 1991
20 1292
3592 1545
1668 2237
737 3028
1966 4022
3355 739
2738 3063
2825 3920
2053 656
1681 220
1035 3607
1021 776
733 3278
2558 3800
1780 2584
3516 2219
4009 1266
1239 2861
2539 2688
1042 3579
448 3162
3682 1365
2985 2380
365 1420
849 2552
1931 2034
4030 3400
3483 2170
2358 1862
460 1673
3765 3843
3177 503
1830 2876
2766 814
2726 3649
3530 1037
2669 2022
1160 2612
3383 2545
1552 2791
107 1424
1821 2627
945 1387
2651 916
3177 2088
1097 2844
3908 2031
1596 1295
3787 2913
1219 3305
1245 2120
1169 1874
1389 2814
343 82
1457 3957
3400 3271
2944 913
847 1899
763 101
1653 2250
3252 3794
2153 2795
1453 792
2112 1597
1500 774
2462 2473
1109 189
645 1473
3494 3423
1351 1137
3952 663
2475 2238
3815 2025
1018 1857
525 2572
3263 2295
2734 1958
859 1373
2424 3667
3165 1980
1501 1258
3240 3163
226 142
3860 1577
531 445
352 2751
2745 3919
3073 1275
2799 962
2866 648
1403 1309
3939 2198
2701 410
1315 672
2996 347
1137 1100
1396 440
798 1191
3848 1073
1818 1602
312 3654
1072 1721
2549 2544
3708 1876
444 1526
1956 1492
381 1968
3891 3497
785 3505
3276 498
1526 3562
468 3150
404 1706
3007 3424
2647 1806
1044 2808
1250 3372
3841 2040
2122 388
557 349
3533 3938
1189 1123
313 1200
1058 807
1989 2755
122 1843
1188 3479
1893 2803
262 3610
3040 1866
635 3080
998 2896
2376 2764
3294 1604
154 3940
2333 2425
669 1471
2903 3088
668 3162
2683 3863
562 2009
1279 3245
1300 3497
898 1527
512 3639
528 494
1243 2714
1420 1377
338 2743
4017 799
399 2210
262 2727
2670 3780
3530 783
1815 2186
2844 1638
716 3971
374 237
3606 1535
3450 828
3813 2614
1686 2864
2312 2997
555 3632
3281 737
1947 3384
625 1946
3032 3181
3739 2252
3018 1236
588 1694
1140 1092
1059 1870
1076 1282
2605 2330
967 2406
3180 2985
3814 808
197 556
268 2383
3815 0
2404 2378
746 1
618 824
3602 597
27 96
2814 3569
781 2142
715 3317
2352 3925
3667 3066
3179 3860
1765 3168
96 2661
2583 2510
3435 3658
2365 1792
3891 2466
749 1959
309 1808
921 1643
3503 631
3846 3753
3747 1046
1240 1183
2357 1066
3656 3746
2731 2876
3581 2283
2992 861
602 2484
137 1834
3362 2007
4007 630
2771 2920
1148 820
3720 3267
218 1403
1850 230
1527 2378
3723 1065
1322 575
2945 3363
710 3888
938 2399
2054 1022
86 230
862 680
3368 38
323 2504
2758 2399
3783 2837
2928 1168
3557 1229
3053 2128
3122 2107
1783 2401
699 430
3578 1529
630 3226
1124 520
3894 724
4010 2664
36 657
2128 3739
1649 2051
1368 1766
37 3217
2346 3997
348 1648
427 2626
3020 2400
2990 3026
724 2584
820 661
1500 3208
3657 335
1295 1126
761 1150
3313 3436
3718 1048
1795 2431
2484 1366
3419 2590
522 583
1862 1364
228 2117
1860 2483
2404 1310
1069 1245
1345 3976
2329 3461
461 2278
1697 401
3747 615
2893 3439
3390 32
1933 3331
1265 2579
1174 3351
535 2500
3308 1577
871 827
1612 1910
1719 1095
3727 1480
1507 1454
3448 3678
1311 407
1060 300
4033 1201
1948 9
598 1914
1584 1564
714 169
3704 3367
2299 2435
819 2002
3540 908
3159 3216
563 3013
1644 156
1411 1561
3326 3205
1708 1511
3163 231
2924 1697
1046 1459
3185 1266
3342 2026
3352 2124
577 2070
3604 2284
1658 947
3650 2570
321 3019
3886 2613
3102 1139
2714 379
1572 2729
3341 1485
983 2144
1734 2981
2155 3752
3603 941
280 2590
2601 856
3947 3098
3986 3332
1119 1509
2302 2425
3389 2117
82 2150
2218 2001
518 1147
1186 1769
2808 2339
3401 414
2250 15
2677 88
1545 377
1033 2892
329 4029
3758 852
90 1137
1316 884
135 1298
944 2071
66 4014
3564 1420
3585 2697
222 429
1484 1733
1681 1892
551 3536
3057 1401
1885 246
1247 743
338 879
3541 1779
581 3810
3491 267
2637 1780
2272 155
356 718
2324 1243
1279 1326
406 427
1198 2261
388 3466
1752 3942
3787 2923
889 3358
2011 2642
2199 1731
146 403
3642 1687
3107 1648
3444 47
3021 2076
482 574
2729 646
1111 1040
1651 3922
2243 3891
382 3436
2192 883
2742 282
3427 1593
3920 612
3625 2113
2072 2118
3069 1445
289 3960
2033 2294
58 715
3567 1251
580 2941
753 2520
691 1146
641 142
24 2695
1748 2167
1882 775
1304 3735
124 2558
772 3666
2456 1346
317 3849
3196 331
2280 1572
2078 2750
1404 2120
1674 3433
2108 2456
3641 2447
2934 3083
254 2763
2639 2449
686 3766
2148 2964
2545 3550
2589 106
3052 279
117 2714
2475 273
1553 629
239 3991
3959 719
346 2643
331 1062
2692 1292
3519 1358
3729 556
691 627
2044 557
3959 1903
3171 3905
2739 2232
2154 700
757 990
3606 934
3712 193
2209 1262
3315 967
3303 3465
3351 2008
920 629
2744 1079
2379 1290
3863 3484
1628 2058
3846 1598
98 2468
1849 1113
1958 1679
3866 2343
2975 2367
1262 625
1827 2
1636 1472
2267 3895
404 2213
828 2301
1971 3557
749 135
3677 3570
3307 911
2711 1854
3593 2425
3577 2351
3398 652
2645 4023
280 2811
552 2430
1407 1666
3207 3860
3908 2029
1248 3790
1698 172
3823 333
3835 539
52 349
280 2008
2357 1957
3673 2013
2294 15
2279 54
3561 2129
2888 3992
1932 1134
2797 132
589 3670
2896 1622
2457 1343
796 781
1503 1019
1984 849
2375 3863
2052 2285
656 3069
2990 3952
3861 2562
2137 1316
1056 2505
2505 1400
1100 2828
1853 187
3923 1240
4038 1945
1466 2026
2148 1112
2726 175
1109 2637
2499 3789
351 868
2181 2939
2036 1115
3694 3585
2461 2730
2127 1945
982 4015
839 3682
511 2166
1458 2702
1913 971
989 398
3486 3937
3597 1743
506 3280
323 2126
3400 2590
2195 1954
3290 2404
640 3625
2078 3503
659 1010
1659 2235
3962 3339
1747 85
862 1096
2765 3519
3331 1190
2388 2224
398 2010
2303 397
1219 1786
1053 1575
3386 3450
3173 3658
532 991
3605 3385
3370 2856
1068 710
2719 2935
674 1147
3861 1817
3675 933
952 2895
1351 2981
3395 2880
593 434
1520 451
1557 643
1090 72
2488 338
3316 2961
2678 3367
3689 1054
1155 3121
763 2687
906 674
118 1441
991 47
1564 2530
4024 172
310 136
881 2296
1350 374
2793 1338
182 3395
618 385
3902 3786
3184 476
2236 2459
3829 3043
3766 1849
1340 100
1115 3825
736 3858
1238 1404
3657 835
3003 3685
1920 2490
1070 4038
1440 2302
2847 134
2599 3830
1551 2383
2123 893
2856 2071
213 1881
700 3660
454 2709
770 742
1715 495
2550 59
3983 1909
2393 3220
1739 187
3951 1449
1783 2541
3864 1219
2339 2263
877 271
3743 114
3523 2073
3668 1807
484 1754
1779 300
81 1184
734 1085
2937 1292
2049 2573
3677 39
889 95
1401 3123
2320 970
1551 711
807 3818
2121 401
3555 3458
1985 1106
3363 88
1908 2311
1922 725
3184 1855
3459 581
2772 1715
100 1126
246 1221
1963 1687
1323 3620
2748 2100
2980 2908
1660 1601
2250 3444
2745 457
1157 2557
793 838
2733 2565
3941 427
1688 1644
2625 796
3081 1236
3399 955
171 3564
3490 1078
1528 3080
2382 776
3324 3126
3960 3337
342 1129
3268 2555
1430 1816
2909 1797
1644 1555
927 2879
842 3886
1461 212
551 1334
3419 2877
619 1356
2587 237
1386 2763
992 2375
2925 2693
3945 1988
2361 2070
2891 482
3850 2856
1564 181
2204 2610
1522 2255
790 585
2500 3212
313 1003
2549 649
2290 3899
30 3783
3890 1124
2476 992
1712 3268
2968 2625
2490 3571
2486 3762
164 2127
2034 1553
3084 1247
3733 795
3945 3352
3244 1172
3314 2238
3083 3338
3837 3270
377 485
1991 2173
3912 3992
2970 2980
2766 9
482 3083
3893 591
2704 3338
857 112
2488 728
1746 4013
1880 2165
71 845
572 3685
1365 825
1018 3295
1278 3674
47 613
457 4031
4011 3364
3204 1109
3988 777
1685 3145
1749 2239
429 2239
2348 1875
3782 259
3768 3666
3589 2728
2776 2822
667 2160
1669 1584
3702 2177
1968 2691
3541 2392
793 981
2364 917
102 3223
3997 945
2152 3310
2652 2284
827 1299
268 764
944 6
1977 114
3468 2688
3444 2370
2266 1745
2302 1279
1088 2792
2310 3973
3750 330
2770 731
264 95
2401 629
2183 495
2129 3117
2439 1135
829 2102
435 1318
3900 2465
3899 1386
1038 2636
513 2240
2912 571
2766 3606
957 1409
3780 426
3773 3083
2043 3459
1493 402
1901 3365
3202 2218
1932 834
2474 4012
983 1128
3922 895
1354 2889
2403 1398
2281 3605
2507 634
2769 1593
122 1126
2590 4004
1431 2638
3863 2849
1452 1128
3429 339
2154 1921
1469 96
1297 3303
1551 3253
2001 3170
1008 1809
927 2534
3926 1809
2081 3971
387 255
3914 1574
1875 3489
1382 1297
3189 413
3219 1215
3155 403
1919 1420
902 1802
1476 2709
523 661
2182 3756
232 2343
2813 1050
643 2801
1229 2969
1687 2705
2368 3870
1441 747
2 2153
2637 3474
2403 1559
3660 1372
3447 2102
3514 3569
3631 505
2566 1741
3596 2369
1547 541
2961 2650
3978 3530
2435 3850
503 3827
3262 3603
3997 1102
44 3228
3869 108
2503 249
812 2561
1813 2771
1620 3240
322 3127
3870 3611
834 3238
1095 2575
795 1167
2797 3390
2054 3846
2613 2685
2597 3459
414 718
2545 2870
3137 3175
1460 3498
19 3117
2043 2276
3151 2966
2463 1208
2242 2849
4015 389
1958 427
1850 1613
2757 3463
550 1076
1142 2134
1303 72
3721 819
454 392
1423 2010
115 2836
3948 1206
2396 1908
2190 3019
140 2207
1012 1599
1365 3888
812 2818
2586 681
2565 2325
4006 2798
164 2658
3870 1253
708 3172
1133 3035
2954 461
1219 1224
1425 3874
3744 3648
1089 905
832 2302
831 133
2948 311
1544 943
869 2903
3210 3075
3185 2841
1398 1217
3026 2365
162 2571
3604 2705
1417 2463
3350 3115
2111 3586
325 3676
2932 88
828 2904
3888 3483
18 2707
2129 1987
2114 1977
3253 2189
525 554
1857 2399
345 3125
818 422
3516 1653
3878 782
2761 789
2431 1754
660 3405
1600 3972
168 369
2188 3875
1146 1752
1738 3823
2450 3283
398 1327
3807 1433
3208 3496
546 4018
2222 2934
2866 1995
2052 1525
1089 3383
3122 1530
346 2229
506 1011
1034 2612
1499 2253
2962 684
1893 1114
2569 3634
2403 177
2721 311
1282 155
2744 1219
3016 3976
3090 2824
1497 761
1714 947
3886 3675
1582 1789
3615 3581
3594 2628
3747 928
630 3087
2400 1324
1460 3489
2065 3284
107 3087
983 326
3090 2069
1522 2717
2974 3523
3103 3762
3021 1882
2026 3040
1060 2122
1656 1459
706 2469
3126 716
1045 1825
3013 4037
1703 2966
1690 205
1133 306
3511 1468
1997 659
1374 58
1051 3999
182 2410
2648 399
3517 2909
373 1849
1136 1556
2804 2186
1860 3862
667 116
254 430
995 331
1748 696
3087 4019
2529 3747
1132 1993
2197 2361
2942 708
4001 1601
3813 1742
2033 796
2479 1958
2848 3901
304 275
762 2230
1258 733
1000 1973
1932 3319
1365 2208
2220 616
3238 1486
3487 3161
3601 3744
372 279
1086 533
2919 843
626 3677
1294 2495
665 2998
1159 3917
2314 2009
2339 285
2579 3376
185 1028
2507 1280
2020 2880
820 333
826 3440
2561 52
1841 3032
3459 2762
1416 2669
641 172
2269 1471
2449 2645
3813 1459
3178 2287
3542 942
414 1311
4022 1096
3331 2024
1013 947
2488 22
1701 2180
2004 3807
1508 1367
83 511
249 1240
1107 2811
3472 711
1886 2179
263 1168
1852 1795
258 3931
17 866
232 2791
4 1208
3362 339
3749 229
2760 3764
1131 691
579 1232
3033 2353
282 1746
1526 1202
3510 1666
1720 859
3286 3507
3337 2405
1369 1371
619 3872
844 2615
3396 1591
407 2641
3782 3696
2992 2989
2095 2648
721 1130
3868 769
2513 3893
3808 240
641 3838
2936 1817
2425 1220
3017 257
540 913
1596 2344
2391 814
3998 2719
2912 3225
762 1835
117 2811
3873 248
2720 1431
3272 1919
1066 3811
2752 642
1457 3206
2102 1979
3309 1617
1987 1794
3917 2636
2142 2141
1630 3216
3437 342
689 1112
1635 2040
3886 3513
1742 203
3762 696
529 685
2139 584
901 2765
3043 952
2884 491
654 618
1800 1907
3216 2341
154 1273
520 3359
281 177
55 87
488 2472
3575 2967
3082 822
1373 2551
939 236
555 3266
2568 3263
1416 772
1993 816
1142 2728
3973 853
854 1760
1997 63
3664 1576
152 3085
2670 1373
3712 3179
2420 407
3303 3632
2965 1176
819 2513
3667 1252
1117 17
1712 2481
1983 2086
2505 325
331 1686
1807 1068
2517 403
2208 4019
3717 3276
97 1510
2101 1676
3174 3963
3591 2423
888 522
1907 3408
71 1116
2599 1012
3330 4024
2535 1069
295 2382
1889 2076
1958 1035
707 535
2531 205
2633 3438
1307 3551
3449 1708
2680 3900
805 1326
2785 1544
605 3746
31 3658
1907 2554
2833 2070
481 658
3670 1235
967 3583
1563 2865
417 385
668 2277
778 616
3716 1017
2023 1386
1481 768
3920 1218
1785 739
1101 1340
2338 978
631 1590
1763 546
3414 1895
926 3467
2396 1511
3369 1653
1253 621
1979 2844
909 638
652 3406
1769 3837
3736 1147
2804 76
2240 1719
2082 1722
1968 2686
1854 3126
2122 3596
2008 2042
109 3197
2178 2940
1417 978
2591 550
3933 2634
2950 1027
1197 468
2056 1818
2176 3127
611 3331
762 120
879 3678
2230 3889
878 2519
823 3041
